#"Step","Time (ps)","Potential Energy (kJ/mole)","Kinetic Energy (kJ/mole)","Total Energy (kJ/mole)","Temperature (K)","Box Volume (nm^3)","Density (g/mL)"
100,0.20000000000000015,-45228.85098573221,5256.541868008114,-39972.3091177241,235.5940636653722,27.0,0.9916318011950421
200,0.4000000000000003,-45180.67875596537,5568.037200178493,-39612.641555786875,249.555038953223,27.0,0.9916318011950421
300,0.6000000000000004,-44961.03158113016,5879.864298120684,-39081.167283009476,263.5308837214906,27.0,0.9916318011950421
400,0.8000000000000006,-44850.42982598795,5993.836821879297,-38856.593004108654,268.63904241074397,27.0,0.9916318011950421
500,1.0000000000000007,-44595.76267739786,6049.849351736466,-38545.9133256614,271.1494798535697,27.0,0.9916318011950421
600,1.2000000000000008,-44688.615526404516,6240.889093446342,-38447.726432958174,279.711730512113,27.0,0.9916318011950421
700,1.400000000000001,-44592.67699262156,6245.174792115788,-38347.50220050577,279.90381214877317,27.0,0.9916318011950421
800,1.6000000000000012,-44501.757660117284,6089.8359099986155,-38411.921750118665,272.94164588011785,27.0,0.9916318011950421
900,1.8000000000000014,-44597.38527318491,6391.856435385418,-38205.528837799495,286.477967795345,27.0,0.9916318011950421
1000,2.0000000000000013,-44392.66768762125,6532.533968754913,-37860.13371886634,292.78302396823517,27.0,0.9916318011950421
1100,2.1999999999999793,-44247.527679648534,6442.282611673691,-37805.24506797484,288.73802927400726,27.0,0.9916318011950421
1200,2.3999999999999573,-44396.69082948221,6650.544154908451,-37746.14667457376,298.0721475038106,27.0,0.9916318011950421
1300,2.5999999999999353,-44494.803271498815,6852.995061414182,-37641.80821008464,307.14583757497843,27.0,0.9916318011950421
1400,2.7999999999999132,-44211.42167588724,6811.193449668092,-37400.22822621915,305.2723222817853,27.0,0.9916318011950421
1500,2.999999999999891,-44001.47148820414,6663.632659221639,-37337.838828982494,298.65876395163394,27.0,0.9916318011950421
1600,3.199999999999869,-43878.591934409276,6678.406734122031,-37200.18520028725,299.3209263447205,27.0,0.9916318011950421
1700,3.399999999999847,-44063.54335710062,6876.047497597526,-37187.4958595031,308.1790295963099,27.0,0.9916318011950421
1800,3.599999999999825,-43987.014432158605,6749.330831951552,-37237.683600207056,302.49968851175504,27.0,0.9916318011950421
1900,3.799999999999803,-44035.66485330118,6642.4027701152345,-37393.262083185946,297.7072570538798,27.0,0.9916318011950421
2000,3.999999999999781,-43846.480906691686,6401.236857744426,-37445.24404894726,286.89839093244706,27.0,0.9916318011950421
2100,4.1999999999997595,-44148.69234010233,6654.945889870058,-37493.74645023227,298.2694297956333,27.0,0.9916318011950421
2200,4.3999999999997375,-44081.898987975255,6682.900803706716,-37398.99818426854,299.5223470015776,27.0,0.9916318011950421
2300,4.599999999999715,-43982.87163468851,6552.348371419902,-37430.52326326861,293.67108987927793,27.0,0.9916318011950421
2400,4.799999999999693,-44300.56849118723,6975.427681364982,-37325.140809822246,312.6331711078772,27.0,0.9916318011950421
2500,4.999999999999671,-43992.75382157816,6719.792007532605,-37272.96181404556,301.17578168184616,27.0,0.9916318011950421
2600,5.199999999999649,-44225.57337686075,6893.717741107216,-37331.855635753534,308.9709959838966,27.0,0.9916318011950421
2700,5.399999999999627,-43860.9871627952,6615.410586006191,-37245.57657678901,296.4974886355674,27.0,0.9916318011950421
2800,5.599999999999605,-43771.64701196207,6682.734664433754,-37088.91234752832,299.5149007703034,27.0,0.9916318011950421
2900,5.799999999999583,-43615.35874482645,6633.618944953139,-36981.739799873314,297.31357293294496,27.0,0.9916318011950421
3000,5.999999999999561,-43581.984326567785,6738.73976005609,-36843.2445665117,302.025005016583,27.0,0.9916318011950421
3100,6.199999999999539,-43710.7067520286,6910.94973614671,-36799.75701588189,309.74332042044756,27.0,0.9916318011950421
3200,6.399999999999517,-43722.35964414133,6821.8194924799445,-36900.540151661386,305.74857314586814,27.0,0.9916318011950421
3300,6.599999999999495,-43834.3350641395,6808.263146210414,-37026.07191792909,305.1409883902836,27.0,0.9916318011950421
3400,6.799999999999473,-43862.40479966654,6756.537000340353,-37105.86779932619,302.8226632995156,27.0,0.9916318011950421
3500,6.999999999999451,-44022.65948792948,6822.023109950948,-37200.63637797853,305.7576991204407,27.0,0.9916318011950421
3600,7.199999999999429,-44122.313121047155,6680.345020084805,-37441.96810096235,299.4077987939432,27.0,0.9916318011950421
3700,7.399999999999407,-44038.24765416636,6528.433572947495,-37509.814081218865,292.5992474598076,27.0,0.9916318011950421
3800,7.599999999999385,-44047.98125859751,6617.862871163772,-37430.11838743374,296.6073981236011,27.0,0.9916318011950421
3900,7.799999999999363,-43997.616414275304,6643.393805699507,-37354.2226085758,297.75167448769815,27.0,0.9916318011950421
4000,7.999999999999341,-44051.58793183817,6613.963992113359,-37437.623939724814,296.4326534374003,27.0,0.9916318011950421
4100,8.199999999999408,-44182.72995492472,6728.178752456767,-37454.55120246795,301.55166897946935,27.0,0.9916318011950421
4200,8.399999999999475,-44010.25518723978,6631.356290867929,-37378.89889637185,297.2121625601202,27.0,0.9916318011950421
4300,8.599999999999541,-44140.34670564188,6647.691504362291,-37492.65520127959,297.94429395460224,27.0,0.9916318011950421
4400,8.799999999999608,-44038.41904756083,6500.877153977048,-37537.54189358378,291.36419047969963,27.0,0.9916318011950421
4500,8.999999999999675,-43999.804805007116,6629.567190577638,-37370.237614429476,297.1319764951599,27.0,0.9916318011950421
4600,9.199999999999742,-43922.020934310094,6433.664942053597,-37488.3559922565,288.3517921135121,27.0,0.9916318011950421
4700,9.399999999999809,-44204.713816847936,6783.714083765756,-37420.99973308218,304.0407187594619,27.0,0.9916318011950421
4800,9.599999999999875,-44071.11737271799,6682.236690552067,-37388.880682165924,299.4925819733963,27.0,0.9916318011950421
4900,9.799999999999942,-44066.95719357981,6833.408873479464,-37233.548320100344,306.26800006828273,27.0,0.9916318011950421
5000,10.000000000000009,-44183.83241101755,6641.208042983944,-37542.624368033605,297.65371032546034,27.0,0.9916318011950421
5100,10.200000000000076,-44148.015180316106,6704.612426207233,-37443.40275410887,300.4954448103854,27.0,0.9916318011950421
5200,10.400000000000142,-44345.672868695394,6909.546948235879,-37436.12592045951,309.68044857186885,27.0,0.9916318011950421
5300,10.60000000000021,-44154.10961457743,6629.477344841837,-37524.63226973559,297.1279496800918,27.0,0.9916318011950421
5400,10.800000000000276,-44279.81153508677,6655.873129718015,-37623.93840536875,298.3109879548296,27.0,0.9916318011950421
5500,11.000000000000343,-44226.866937842504,6646.996886899291,-37579.87005094321,297.91316174736215,27.0,0.9916318011950421
5600,11.20000000000041,-44221.76973649515,6671.720946042908,-37550.048790452245,299.0212745923103,27.0,0.9916318011950421
5700,11.400000000000476,-44123.901464667455,6623.20518058163,-37500.696284085825,296.8468362212545,27.0,0.9916318011950421
5800,11.600000000000543,-44205.88703652872,6705.606539026886,-37500.28049750184,300.5400001634683,27.0,0.9916318011950421
5900,11.80000000000061,-44058.89466687693,6552.319779900228,-37506.5748869767,293.6698084299001,27.0,0.9916318011950421
6000,12.000000000000677,-44156.65526982798,6592.144863328784,-37564.51040649919,295.4547372816703,27.0,0.9916318011950421
6100,12.200000000000744,-44212.370241370336,6693.928534601204,-37518.44170676913,300.01660120894013,27.0,0.9916318011950421
6200,12.40000000000081,-44221.3752815391,6636.194774110784,-37585.18050742831,297.42901956569233,27.0,0.9916318011950421
6300,12.600000000000877,-44257.0273430015,6640.5092965647145,-37616.51804643679,297.62239306165617,27.0,0.9916318011950421
6400,12.800000000000944,-43956.028224673406,6548.861123772102,-37407.16710090131,293.5147941881215,27.0,0.9916318011950421
6500,13.00000000000101,-44041.593218054906,6653.256683178236,-37388.33653487667,298.1937208830269,27.0,0.9916318011950421
6600,13.200000000001078,-44094.36745664133,6551.653904558131,-37542.7135520832,293.6399644218662,27.0,0.9916318011950421
6700,13.400000000001144,-44003.13218137278,6598.89319451994,-37404.23898685284,295.7571921670695,27.0,0.9916318011950421
6800,13.600000000001211,-43962.28873940958,6629.65101617378,-37332.6377232358,297.13573349231314,27.0,0.9916318011950421
6900,13.800000000001278,-43998.16272279276,6764.636738330602,-37233.52598446216,303.1856871725607,27.0,0.9916318011950421
7000,14.000000000001345,-44134.15939160837,6809.474451156549,-37324.68494045182,305.19527812329886,27.0,0.9916318011950421
7100,14.200000000001411,-43923.16276284708,6686.9363155039055,-37236.22644734318,299.70321545980397,27.0,0.9916318011950421
7200,14.400000000001478,-44110.41762181772,6833.290747481012,-37277.12687433671,306.2627057541312,27.0,0.9916318011950421
7300,14.600000000001545,-43876.23630067362,6794.692355352079,-37081.54394532154,304.53275623961315,27.0,0.9916318011950421
7400,14.800000000001612,-43781.49000092997,6478.015044279441,-37303.47495665053,290.3395287414562,27.0,0.9916318011950421
7500,15.000000000001679,-43815.91974374308,6554.438764741517,-37261.48097900156,293.7647796604429,27.0,0.9916318011950421
7600,15.200000000001745,-44021.42263814463,6727.551710043695,-37293.870928100936,301.5235654327088,27.0,0.9916318011950421
7700,15.400000000001812,-43770.75259992136,6569.9079595385,-37200.844640382864,294.45809677944715,27.0,0.9916318011950421
7800,15.600000000001879,-43880.84742089762,6677.971401836724,-37202.876019060895,299.3014150947932,27.0,0.9916318011950421
7900,15.800000000001946,-43904.48633023752,6619.079404906525,-37285.406925331,296.6619222071599,27.0,0.9916318011950421
8000,16.00000000000201,-43905.00489541544,6826.880749287941,-37078.1241461275,305.9754146870546,27.0,0.9916318011950421
8100,16.2000000000019,-43703.66430017008,6721.76733763899,-36981.896962531086,301.26431442038984,27.0,0.9916318011950421
8200,16.40000000000179,-43883.78473397745,6956.092937563433,-36927.691796414016,311.76660312905847,27.0,0.9916318011950421
8300,16.60000000000168,-43814.98631593241,6877.3831300145785,-36937.60318591783,308.23889158858503,27.0,0.9916318011950421
8400,16.800000000001567,-43841.541037764684,6843.053475940889,-36998.48756182379,306.70026354936584,27.0,0.9916318011950421
8500,17.000000000001457,-43536.38504525675,6748.40524025523,-36787.97980500152,302.45820422141605,27.0,0.9916318011950421
8600,17.200000000001346,-43535.98345109476,6876.9471577889635,-36659.0362933058,308.21935165703746,27.0,0.9916318011950421
8700,17.400000000001235,-43567.71110078348,6755.59663622981,-36812.11446455367,302.7805169212139,27.0,0.9916318011950421
8800,17.600000000001124,-43565.77206918253,6739.344919055718,-36826.427150126816,302.05212776600007,27.0,0.9916318011950421
8900,17.800000000001013,-43589.38045617594,6928.960476651825,-36660.419979524115,310.55054761501196,27.0,0.9916318011950421
9000,18.000000000000902,-43548.92213746561,6763.7276742692975,-36785.19446319631,303.14494363779716,27.0,0.9916318011950421
9100,18.20000000000079,-43810.38388463511,6682.600565649368,-37127.78331898574,299.508890568475,27.0,0.9916318011950421
9200,18.40000000000068,-43906.585645880834,6849.125476977517,-37057.460168903315,306.97240585027777,27.0,0.9916318011950421
9300,18.60000000000057,-43806.007881369726,6878.756409635238,-36927.25147173449,308.3004408988548,27.0,0.9916318011950421
9400,18.80000000000046,-43691.91970178141,6802.090874916533,-36889.828826864876,304.864352055468,27.0,0.9916318011950421
9500,19.000000000000348,-43690.97852822794,6546.22629862925,-37144.75222959869,293.3967034018139,27.0,0.9916318011950421
9600,19.200000000000237,-43707.6852638389,6670.802522004294,-37036.88274183461,298.98011155074073,27.0,0.9916318011950421
9700,19.400000000000126,-43738.311307158605,6659.282506531019,-37079.02880062759,298.46379353654305,27.0,0.9916318011950421
9800,19.600000000000016,-43754.19416734232,6542.28859575966,-37211.90557158266,293.22021866263594,27.0,0.9916318011950421
9900,19.799999999999905,-43806.20072289957,6844.501273842603,-36961.69944905697,306.76515271026204,27.0,0.9916318011950421
10000,19.999999999999794,-43938.42810937418,6829.957227254028,-37108.47088212015,306.1133000048181,27.0,0.9916318011950421
10100,20.199999999999683,-43973.38360187067,6956.1849538700635,-37017.19864800061,311.77072722740047,27.0,0.9916318011950421
10200,20.399999999999572,-43986.89579602732,6831.2636185261545,-37155.63217750116,306.1718514320235,27.0,0.9916318011950421
10300,20.59999999999946,-43899.34384557261,6625.022937442736,-37274.32090812987,296.9283066511335,27.0,0.9916318011950421
10400,20.79999999999935,-43977.733082976476,6812.413705829956,-37165.31937714652,305.32701320123476,27.0,0.9916318011950421
10500,20.99999999999924,-44071.975411620275,6867.564473873062,-37204.41093774721,307.7988271587379,27.0,0.9916318011950421
10600,21.19999999999913,-43966.85104486002,6826.178812487975,-37140.672232372046,305.9439544329002,27.0,0.9916318011950421
10700,21.399999999999018,-44101.0682212974,6826.069197432487,-37274.99902386491,305.9390415725046,27.0,0.9916318011950421
10800,21.599999999998907,-44001.19731828226,6793.432410590547,-37207.764907691715,304.4762865084064,27.0,0.9916318011950421
10900,21.799999999998796,-44197.34060880198,6763.452372994911,-37433.88823580707,303.1326048516534,27.0,0.9916318011950421
11000,21.999999999998685,-44031.553382125036,6844.657896903554,-37186.89548522148,306.7721724324139,27.0,0.9916318011950421
11100,22.199999999998575,-44118.17812081827,6809.854157805659,-37308.32396301261,305.2122962760523,27.0,0.9916318011950421
11200,22.399999999998464,-43697.81879350199,6593.915771441811,-37103.90302206018,295.5341079875835,27.0,0.9916318011950421
11300,22.599999999998353,-43935.213931288854,6762.217811567999,-37172.996119720854,303.07727278149895,27.0,0.9916318011950421
11400,22.799999999998242,-43917.733391966955,6665.9215309867095,-37251.81186098025,298.761349380207,27.0,0.9916318011950421
11500,22.99999999999813,-43971.428117003576,6636.154243184704,-37335.27387381887,297.4272030015293,27.0,0.9916318011950421
11600,23.19999999999802,-44036.84932729258,6638.370395228749,-37398.47893206383,297.52652918951884,27.0,0.9916318011950421
11700,23.39999999999791,-43996.82728311075,6667.252184056786,-37329.57509905397,298.8209882020751,27.0,0.9916318011950421
11800,23.5999999999978,-43907.82802983774,6712.8586075243375,-37194.96942231341,300.86503215792317,27.0,0.9916318011950421
11900,23.799999999997688,-43929.450982298986,6786.171435893516,-37143.27954640547,304.15085534510564,27.0,0.9916318011950421
12000,23.999999999997577,-43813.292054381505,6706.325978364016,-37106.96607601749,300.57224486754393,27.0,0.9916318011950421
12100,24.199999999997466,-43780.69306966318,6797.694155731328,-36982.99891393186,304.6672945667904,27.0,0.9916318011950421
12200,24.399999999997355,-43792.13613435282,6704.622619772574,-37087.51351458025,300.4959016779501,27.0,0.9916318011950421
12300,24.599999999997245,-43518.3803684379,6775.223769521817,-36743.15659891609,303.6601895665529,27.0,0.9916318011950421
12400,24.799999999997134,-43526.27264520182,6638.688877150181,-36887.583768051634,297.540803298231,27.0,0.9916318011950421
12500,24.999999999997023,-43709.99800225748,6890.735247968887,-36819.2627542886,308.8373229920406,27.0,0.9916318011950421
12600,25.199999999996912,-43449.380357947484,6760.953950947655,-36688.42640699983,303.0206275445865,27.0,0.9916318011950421
12700,25.3999999999968,-43516.34103986277,6850.218957815498,-36666.122082047266,307.02141479962677,27.0,0.9916318011950421
12800,25.59999999999669,-43631.224433150426,6908.43263581895,-36722.791797331476,309.63050596756943,27.0,0.9916318011950421
12900,25.79999999999658,-43710.825188841955,6907.977883359526,-36802.84730548243,309.6101243207438,27.0,0.9916318011950421
13000,25.99999999999647,-43464.729720320836,6760.245458065828,-36704.484262255006,302.9888734520102,27.0,0.9916318011950421
13100,26.199999999996358,-43614.44051095499,6811.104073282182,-36803.33643767281,305.2683165026093,27.0,0.9916318011950421
13200,26.399999999996247,-43722.1906869079,6854.3782065816185,-36867.81248032628,307.2078290512794,27.0,0.9916318011950421
13300,26.599999999996136,-43580.41265698923,6813.168966647388,-36767.24369034184,305.3608633958254,27.0,0.9916318011950421
13400,26.799999999996025,-43415.28120252146,6876.445029571011,-36538.83617295045,308.1968466660531,27.0,0.9916318011950421
13500,26.999999999995914,-43411.39542504801,6912.226682848632,-36499.16874219938,309.8005521652227,27.0,0.9916318011950421
13600,27.199999999995804,-43531.22547837748,6944.391268805938,-36586.83420957154,311.2421435578292,27.0,0.9916318011950421
13700,27.399999999995693,-43877.421239104406,7032.05605841749,-36845.36518068692,315.17121033662795,27.0,0.9916318011950421
13800,27.599999999995582,-43407.46162148966,6696.537150593113,-36710.92447089655,300.1335173217589,27.0,0.9916318011950421
13900,27.79999999999547,-43543.54036351694,6709.128528087009,-36834.411835429935,300.697852937344,27.0,0.9916318011950421
14000,27.99999999999536,-43724.364251341955,6998.201561555302,-36726.16268978665,313.65387846914075,27.0,0.9916318011950421
14100,28.19999999999525,-43563.2211515571,6652.259670001573,-36910.96148155553,298.14903553822876,27.0,0.9916318011950421
14200,28.39999999999514,-43710.83096524729,6749.18655629897,-36961.64440894832,302.49322219071485,27.0,0.9916318011950421
14300,28.599999999995028,-43545.91504737391,6686.051373728337,-36859.86367364557,299.66355306687564,27.0,0.9916318011950421
14400,28.799999999994917,-43823.34068414225,6929.743859897094,-36893.596824245156,310.58565823465403,27.0,0.9916318011950421
14500,28.999999999994806,-43739.461328473226,6742.802989211326,-36996.6583392619,302.2071157449522,27.0,0.9916318011950421
14600,29.199999999994695,-43805.53398248209,6819.323813357154,-36986.21016912494,305.63671877451395,27.0,0.9916318011950421
14700,29.399999999994584,-43682.16219064249,6597.699949811974,-37084.462240830515,295.703711879695,27.0,0.9916318011950421
14800,29.599999999994473,-43936.690144744054,6965.692523997154,-36970.9976207469,312.1968490272585,27.0,0.9916318011950421
14900,29.799999999994363,-43791.74435349955,6742.395846045225,-37049.34850745432,302.18886790913086,27.0,0.9916318011950421
15000,29.99999999999425,-43548.901226248876,6621.472527296346,-36927.42869895253,296.76918006657075,27.0,0.9916318011950421
15100,30.19999999999414,-43719.25667783274,6711.960661235705,-37007.296016597036,300.8247869129685,27.0,0.9916318011950421
15200,30.39999999999403,-43430.69687005533,6540.24363230293,-36890.4532377524,293.12856501221023,27.0,0.9916318011950421
15300,30.59999999999392,-43907.878537383214,6813.125434290195,-37094.75310309302,305.3589123098854,27.0,0.9916318011950421
15400,30.79999999999381,-43952.14253016962,6862.786053221823,-37089.356476947796,307.5846621111845,27.0,0.9916318011950421
15500,30.999999999993697,-43816.937221732274,6639.5086575555115,-37177.428564176764,297.5775452099012,27.0,0.9916318011950421
15600,31.199999999993587,-43609.70162602915,6470.479316209955,-37139.2223098192,290.00178334854445,27.0,0.9916318011950421
15700,31.399999999993476,-43726.5174400474,6624.686748874199,-37101.8306911732,296.9132389444532,27.0,0.9916318011950421
15800,31.599999999993365,-43871.525746550695,6732.032035603409,-37139.49371094729,301.7243700931988,27.0,0.9916318011950421
15900,31.799999999993254,-43667.44132730021,6562.412024357811,-37105.02930294239,294.12213487244907,27.0,0.9916318011950421
16000,31.999999999993143,-43748.56085320963,6756.1696371022235,-36992.391216107404,302.8061983687141,27.0,0.9916318011950421
16100,32.19999999999339,-43823.66667481913,6882.723209705626,-36940.9434651135,308.47822975164,27.0,0.9916318011950421
16200,32.39999999999363,-43624.118029799596,6609.141495695517,-37014.97653410408,296.21651294872544,27.0,0.9916318011950421
16300,32.59999999999388,-43714.9418289329,6646.984842193233,-37067.956986739664,297.91262191312944,27.0,0.9916318011950421
16400,32.79999999999412,-43637.89239427103,6731.492260218435,-36906.400134052594,301.7001777858596,27.0,0.9916318011950421
16500,32.999999999994365,-43591.32720681681,6833.480321511862,-36757.84688530495,306.2712023127842,27.0,0.9916318011950421
16600,33.19999999999461,-43571.77143880381,6867.433600005604,-36704.3378387982,307.79296149514454,27.0,0.9916318011950421
16700,33.399999999994854,-43637.41412278666,6656.76341235717,-36980.65071042949,298.3508897210546,27.0,0.9916318011950421
16800,33.5999999999951,-43736.0800811912,6923.234546942378,-36812.845534248816,310.29391595823375,27.0,0.9916318011950421
16900,33.79999999999534,-43544.70160790934,6786.826220620339,-36757.875387289,304.1802022805038,27.0,0.9916318011950421
17000,33.99999999999559,-43644.47995778574,6866.7135667816265,-36777.766391004116,307.7606901735284,27.0,0.9916318011950421
17100,34.19999999999583,-43683.502379622594,6812.1892803367755,-36871.31309928582,305.3169546275078,27.0,0.9916318011950421
17200,34.399999999996076,-43474.92135259165,6640.681451903817,-36834.23990068783,297.6301089282733,27.0,0.9916318011950421
17300,34.59999999999632,-43688.20761987223,6710.3701865099765,-36977.83743336225,300.7535030892684,27.0,0.9916318011950421
17400,34.799999999996565,-43870.120404448644,6892.198614832856,-36977.921789615786,308.9029099415547,27.0,0.9916318011950421
17500,34.99999999999681,-43828.33702584757,6787.649059662951,-37040.68796618462,304.2170812778864,27.0,0.9916318011950421
17600,35.199999999997054,-43704.082022872106,6632.242814718322,-37071.83920815378,297.2518958603953,27.0,0.9916318011950421
17700,35.3999999999973,-43842.456885543004,6727.856389435681,-37114.60049610732,301.53722092292946,27.0,0.9916318011950421
17800,35.59999999999754,-43857.798415389196,6833.874481214782,-37023.92393417441,306.2888682400184,27.0,0.9916318011950421
17900,35.79999999999779,-43946.8503105308,6820.687390235168,-37126.16292029563,305.69783321550534,27.0,0.9916318011950421
18000,35.99999999999803,-43778.301212515966,6674.7566235603845,-37103.544588955585,299.1573312661233,27.0,0.9916318011950421
18100,36.199999999998276,-43743.62270852579,6636.701222103943,-37106.92148642185,297.4517181655969,27.0,0.9916318011950421
18200,36.39999999999852,-43728.66722413553,6775.046017648505,-36953.62120648703,303.65222286768335,27.0,0.9916318011950421
18300,36.599999999998765,-44171.57207223429,6979.214914068218,-37192.35715816607,312.8029118927898,27.0,0.9916318011950421
18400,36.79999999999901,-44212.32795831217,6968.488109327203,-37243.839848984964,312.32214495845585,27.0,0.9916318011950421
18500,36.999999999999254,-43868.68143865122,6537.404300396457,-37331.277138254765,293.00130839393586,27.0,0.9916318011950421
18600,37.1999999999995,-44082.04058858408,6703.561159090366,-37378.47942949372,300.4483278467467,27.0,0.9916318011950421
18700,37.39999999999974,-43979.89915963663,6567.998630008518,-37411.90052962811,294.37252213472067,27.0,0.9916318011950421
18800,37.59999999999999,-44027.08170625223,6631.615401244868,-37395.466305007365,297.2237756830009,27.0,0.9916318011950421
18900,37.80000000000023,-44096.16290208353,6537.193888758168,-37558.96901332536,292.99187791014026,27.0,0.9916318011950421
19000,38.000000000000476,-44055.19183846964,6670.619807332376,-37384.572031137264,298.971922423149,27.0,0.9916318011950421
19100,38.20000000000072,-43922.431119170324,6559.697713332527,-37362.7334058378,294.0004815915364,27.0,0.9916318011950421
19200,38.400000000000965,-43880.51974889292,6660.605945780363,-37219.913803112555,298.5231090406514,27.0,0.9916318011950421
19300,38.60000000000121,-43963.953841414586,6841.370746926607,-37122.58309448798,306.6248449611615,27.0,0.9916318011950421
19400,38.800000000001454,-43513.70246430887,6560.449648790674,-36953.2528155182,294.03418274614467,27.0,0.9916318011950421
19500,39.0000000000017,-43606.714786734716,6812.019245686819,-36794.6955410479,305.3093338085068,27.0,0.9916318011950421
19600,39.20000000000194,-43629.74488946451,6844.572515343083,-36785.17237412143,306.7683456981657,27.0,0.9916318011950421
19700,39.40000000000219,-43748.75369473948,6822.535836361729,-36926.21785837775,305.7806791140748,27.0,0.9916318011950421
19800,39.60000000000243,-43665.94123384012,6773.684124542321,-36892.2571092978,303.5911838920183,27.0,0.9916318011950421
19900,39.800000000002676,-43573.35461350931,6686.811796159482,-36886.54281734983,299.69763460092486,27.0,0.9916318011950421
20000,40.00000000000292,-43877.535804000036,6814.779820462676,-37062.75598353736,305.43306059425817,27.0,0.9916318011950421
20100,40.200000000003165,-43865.967292037145,6783.049723753348,-37082.917568283796,304.0109426673104,27.0,0.9916318011950421
20200,40.40000000000341,-44037.28956719889,6792.681729158955,-37244.607838039934,304.44264155827995,27.0,0.9916318011950421
20300,40.600000000003654,-44028.82660790934,6717.312674080137,-37311.5139338292,301.0646599105533,27.0,0.9916318011950421
20400,40.8000000000039,-44082.44955178751,6713.734838027991,-37368.71471375952,300.9043041185099,27.0,0.9916318011950421
20500,41.00000000000414,-43826.73128339304,6629.662231914871,-37197.06905147817,297.13623617298936,27.0,0.9916318011950421
20600,41.20000000000439,-43830.41400500788,6701.159621838275,-37129.2543831696,300.3406928398408,27.0,0.9916318011950421
20700,41.40000000000463,-44049.00487061991,6876.547779485462,-37172.45709113445,308.2014518362381,27.0,0.9916318011950421
20800,41.600000000004876,-43829.6096231605,6540.544782170982,-37289.064840989515,293.1420623119499,27.0,0.9916318011950421
20900,41.80000000000512,-43707.56652947916,6544.025760370156,-37163.54076910901,293.29807701136,27.0,0.9916318011950421
21000,42.000000000005365,-43943.27975389017,6740.825785848033,-37202.45396804214,302.1184990485103,27.0,0.9916318011950421
21100,42.20000000000561,-43822.344933715,6567.572494369003,-37254.772439346,294.3534230712095,27.0,0.9916318011950421
21200,42.40000000000585,-44038.46937009348,6880.341330196989,-37158.12803989649,308.37147578930285,27.0,0.9916318011950421
21300,42.6000000000061,-43967.34307977213,6886.458795647078,-37080.88428412505,308.64565576939407,27.0,0.9916318011950421
21400,42.80000000000634,-43990.29673978342,6841.5216406815425,-37148.77509910188,306.63160790033317,27.0,0.9916318011950421
21500,43.00000000000659,-43897.032478537694,6663.805368608868,-37233.22710992883,298.6665046502514,27.0,0.9916318011950421
21600,43.20000000000683,-43938.74763795389,6626.179970769301,-37312.567667184594,296.9801639729329,27.0,0.9916318011950421
21700,43.400000000007076,-43686.627797331945,6506.527676192595,-37180.10012113935,291.6174424320325,27.0,0.9916318011950421
21800,43.60000000000732,-44009.48621865763,6785.870435439963,-37223.61578321767,304.13736474200607,27.0,0.9916318011950421
21900,43.800000000007564,-43986.836280074254,6656.580975296621,-37330.25530477763,298.3427130357856,27.0,0.9916318011950421
22000,44.00000000000781,-43851.89451905741,6615.889072330503,-37236.00544672691,296.5189340155117,27.0,0.9916318011950421
22100,44.20000000000805,-43669.74021073832,6540.769758519154,-37128.97045221916,293.15214557456346,27.0,0.9916318011950421
22200,44.4000000000083,-43943.54923364176,6839.334691918276,-37104.214541723486,306.533590580372,27.0,0.9916318011950421
22300,44.60000000000854,-43824.1779081489,6728.210773337198,-37095.967134811704,301.55310413009346,27.0,0.9916318011950421
22400,44.80000000000879,-43823.91160508646,6676.879181417333,-37147.03242366913,299.25246263641196,27.0,0.9916318011950421
22500,45.00000000000903,-43858.18338033213,6680.6464246444775,-37177.536955687654,299.42130750876055,27.0,0.9916318011950421
22600,45.200000000009275,-44010.587345328466,6776.27924115236,-37234.3081041761,303.7074949731808,27.0,0.9916318011950421
22700,45.40000000000952,-44183.27592870249,6855.710134639337,-37327.56579406315,307.2675250170887,27.0,0.9916318011950421
22800,45.600000000009764,-43832.51622125162,6435.694753527853,-37396.82146772377,288.4427666640251,27.0,0.9916318011950421
22900,45.80000000001001,-43997.47057839884,6746.997982608248,-37250.47259579059,302.3951320427858,27.0,0.9916318011950421
23000,46.00000000001025,-43780.55801221384,6558.987222232902,-37221.57078998094,293.9686379404133,27.0,0.9916318011950421
23100,46.2000000000105,-44067.124951567785,6699.124561507663,-37368.00039006012,300.2494830397228,27.0,0.9916318011950421
23200,46.40000000001074,-43908.25232717051,6629.120795696241,-37279.13153147427,297.11196942839456,27.0,0.9916318011950421
23300,46.600000000010986,-44016.875159468786,6813.660130008911,-37203.215029459876,305.3828769505865,27.0,0.9916318011950421
23400,46.80000000001123,-43867.549643721715,6621.177435198075,-37246.37220852364,296.7559542712984,27.0,0.9916318011950421
23500,47.000000000011475,-43916.63522931589,6647.094936243875,-37269.540293072016,297.91755624171043,27.0,0.9916318011950421
23600,47.20000000001172,-43881.286420073644,6534.075231612623,-37347.21118846102,292.8521021547963,27.0,0.9916318011950421
23700,47.400000000011964,-43942.606562819616,6561.487583805592,-37381.11897901402,294.0807021754816,27.0,0.9916318011950421
23800,47.60000000001221,-44062.25621911539,6464.280383000048,-37597.97583611534,289.72395204766565,27.0,0.9916318011950421
23900,47.80000000001245,-44155.979249205724,6511.004950342409,-37644.974298863315,291.81811033073564,27.0,0.9916318011950421
24000,48.0000000000127,-44086.018284526006,6498.812384484679,-37587.20590004133,291.27164913836646,27.0,0.9916318011950421
24100,48.20000000001294,-44267.66903802408,6656.621387503782,-37611.047650520304,298.3445242790604,27.0,0.9916318011950421
24200,48.400000000013186,-44299.17673036112,6664.873878511522,-37634.3028518496,298.7143944219595,27.0,0.9916318011950421
24300,48.60000000001343,-44338.566711630956,6682.623443848613,-37655.94326778234,299.5099159513341,27.0,0.9916318011950421
24400,48.800000000013675,-44139.9480464126,6528.202944889277,-37611.745101523324,292.58891089200404,27.0,0.9916318011950421
24500,49.00000000001392,-44136.216832366124,6606.154812716321,-37530.062019649806,296.0826521715039,27.0,0.9916318011950421
24600,49.200000000014164,-44204.301088538305,6965.674445343337,-37238.62664319497,312.1960387562428,27.0,0.9916318011950421
24700,49.40000000001441,-44031.76097699656,6695.8807199042085,-37335.88025709235,300.10409661563745,27.0,0.9916318011950421
24800,49.60000000001465,-43840.86746570124,6603.316075639103,-37237.55139006214,295.95542221300786,27.0,0.9916318011950421
24900,49.8000000000149,-44013.87827989115,6722.741246704757,-37291.137033186395,301.30796425714675,27.0,0.9916318011950421
25000,50.00000000001514,-43876.24098226084,6702.516595318414,-37173.72438694243,300.40151132174384,27.0,0.9916318011950421
25100,50.200000000015386,-43830.31599160685,6571.6150640161795,-37258.70092759067,294.53460785670984,27.0,0.9916318011950421
25200,50.40000000001563,-43994.950633254186,6851.268370168446,-37143.68226308574,307.06844863420844,27.0,0.9916318011950421
25300,50.600000000015875,-43927.06489869608,6670.410667539407,-37256.65423115667,298.9625489424583,27.0,0.9916318011950421
25400,50.80000000001612,-43845.467862334386,6673.683348312892,-37171.78451402149,299.10922791541526,27.0,0.9916318011950421
25500,51.000000000016364,-43725.32641908182,6614.741166843573,-37110.58525223825,296.4674857962907,27.0,0.9916318011950421
25600,51.20000000001661,-43825.68908044352,6837.272982600066,-36988.41609784345,306.4411863936328,27.0,0.9916318011950421
25700,51.40000000001685,-43801.47354623331,6828.259613851557,-36973.213932381754,306.03721431006596,27.0,0.9916318011950421
25800,51.6000000000171,-43715.120055403844,6654.866298799299,-37060.25375660454,298.26586258657034,27.0,0.9916318011950421
25900,51.80000000001734,-43790.24343511118,6785.506510755967,-37004.73692435522,304.12105392449075,27.0,0.9916318011950421
26000,52.000000000017586,-43967.34493419184,6779.978773866313,-37187.366160325524,303.87330511369316,27.0,0.9916318011950421
26100,52.20000000001783,-43868.600075926915,6763.741674958358,-37104.85840096856,303.14557113764647,27.0,0.9916318011950421
26200,52.400000000018075,-43698.35087510599,6558.159778803952,-37140.19109630204,293.931552578064,27.0,0.9916318011950421
26300,52.60000000001832,-43739.82277795328,6765.352234514676,-36974.470543438605,303.2177551476241,27.0,0.9916318011950421
26400,52.800000000018564,-43858.83844872965,6809.764809937132,-37049.07363879252,305.20829177500303,27.0,0.9916318011950421
26500,53.00000000001881,-43832.95967217936,6762.485310231697,-37070.47436194766,303.0892618607811,27.0,0.9916318011950421
26600,53.20000000001905,-43733.557811942235,6735.933043772349,-36997.62476816989,301.899210204814,27.0,0.9916318011950421
26700,53.4000000000193,-43790.82264634623,6832.256006237213,-36958.56664010901,306.21632946709883,27.0,0.9916318011950421
26800,53.60000000001954,-43978.232526030675,6930.12389996809,-37048.10862606259,310.60269133111365,27.0,0.9916318011950421
26900,53.800000000019786,-43640.25278684153,6864.285838463396,-36775.96694837813,307.65188130368034,27.0,0.9916318011950421
27000,54.00000000002003,-43890.959700789586,6868.855734341717,-37022.10396644787,307.8567004352568,27.0,0.9916318011950421
27100,54.200000000020275,-43761.24091979517,6814.207255829996,-36947.03366396517,305.40739869867906,27.0,0.9916318011950421
27200,54.40000000002052,-43502.658850875036,6674.1938502102275,-36828.46500066481,299.13210820811,27.0,0.9916318011950421
27300,54.60000000002076,-43933.628272261754,7097.616183102985,-36836.01208915877,318.10956345487625,27.0,0.9916318011950421
27400,54.80000000002101,-43673.67715951456,6714.840950721083,-36958.83620879348,300.9538792176494,27.0,0.9916318011950421
27500,55.00000000002125,-43596.47238656534,6528.901506063306,-37067.57088050204,292.6202198532643,27.0,0.9916318011950421
27600,55.2000000000215,-43718.74170705332,6615.927215771387,-37102.81449128193,296.52064357447,27.0,0.9916318011950421
27700,55.40000000002174,-43776.58219834818,6731.375517018181,-37045.20668133,301.6949454476334,27.0,0.9916318011950421
27800,55.600000000021986,-43666.75558492197,6594.66626191854,-37072.089323003434,295.56774437926356,27.0,0.9916318011950421
27900,55.80000000002223,-43844.27335855021,6675.089435247994,-37169.18392330221,299.1722476236618,27.0,0.9916318011950421
28000,56.000000000022474,-43793.436879363195,6685.117911864218,-37108.31896749898,299.62171604181873,27.0,0.9916318011950421
28100,56.20000000002272,-44005.393769469396,6703.924060285323,-37301.46970918407,300.4645927922899,27.0,0.9916318011950421
28200,56.40000000002296,-43949.33871003641,6688.651000172377,-37260.68770986403,299.7800662752438,27.0,0.9916318011950421
28300,56.60000000002321,-43931.276840415136,6720.488421846229,-37210.7884185689,301.20699442251515,27.0,0.9916318011950421
28400,56.80000000002345,-43975.54719468607,6741.871053998155,-37233.676140687916,302.16534714318755,27.0,0.9916318011950421
28500,57.0000000000237,-43904.27774545206,6733.1688180553065,-37171.10892739675,301.7753197867561,27.0,0.9916318011950421
28600,57.20000000002394,-43908.844998564855,6723.508216682649,-37185.33678188221,301.3423392470808,27.0,0.9916318011950421
28700,57.400000000024185,-43978.52311631693,6810.4382706239085,-37168.084845693025,305.23847575220714,27.0,0.9916318011950421
28800,57.60000000002443,-44009.6245500709,6871.605272246052,-37138.019277824846,307.97993255712515,27.0,0.9916318011950421
28900,57.800000000024674,-43587.22434350504,6563.018763326726,-37024.20558017831,294.1493284348444,27.0,0.9916318011950421
29000,58.00000000002492,-43873.29662152781,6821.313552698341,-37051.98306882947,305.72589732360495,27.0,0.9916318011950421
29100,58.20000000002516,-43932.99007722391,6879.324576889355,-37053.66550033456,308.32590570739245,27.0,0.9916318011950421
29200,58.40000000002541,-43711.147719588414,6707.503174313395,-37003.64454527502,300.62500586220705,27.0,0.9916318011950421
29300,58.60000000002565,-43784.68268891825,6793.175048191881,-36991.50764072637,304.4647517285342,27.0,0.9916318011950421
29400,58.800000000025896,-43816.52216168894,6674.401637869882,-37142.12052381906,299.1414210872512,27.0,0.9916318011950421
29500,59.00000000002614,-43863.86210652842,6674.940496017552,-37188.921610510864,299.16557228473744,27.0,0.9916318011950421
29600,59.200000000026385,-43962.29431506647,6679.521829887331,-37282.77248517914,299.37090405807646,27.0,0.9916318011950421
29700,59.40000000002663,-44052.85031148447,6620.264696825889,-37432.58561465859,296.71504605681696,27.0,0.9916318011950421
29800,59.600000000026874,-44013.784507002965,6513.699938543152,-37500.08456845982,291.93889757788145,27.0,0.9916318011950421
29900,59.80000000002712,-44159.48851415171,6660.627369604528,-37498.861144547176,298.5240692395656,27.0,0.9916318011950421
30000,60.00000000002736,-43958.372713294164,6897.729284130551,-37060.64342916361,309.15079018056946,27.0,0.9916318011950421
30100,60.20000000002761,-43979.7731210853,7034.056989330734,-36945.71613175457,315.2608904831581,27.0,0.9916318011950421
30200,60.40000000002785,-43829.549380507604,6729.865133549883,-37099.684246957724,301.6272512509687,27.0,0.9916318011950421
30300,60.600000000028096,-43894.597148146764,6817.649508301981,-37076.94763984478,305.5616777415176,27.0,0.9916318011950421
30400,60.80000000002834,-43748.90626832499,6614.590436309008,-37134.31583201598,296.46073017252735,27.0,0.9916318011950421
30500,61.000000000028585,-43819.841162886754,6796.718782743741,-37023.12238014302,304.6235791182113,27.0,0.9916318011950421
30600,61.20000000002883,-43980.00835725321,6976.28720436994,-37003.72115288327,312.67169425154026,27.0,0.9916318011950421
30700,61.400000000029074,-43771.919360366,6630.822253656555,-37141.09710670945,297.18822743319924,27.0,0.9916318011950421
30800,61.60000000002932,-43663.17962476267,6634.384994130959,-37028.79463063171,297.3479066533455,27.0,0.9916318011950421
30900,61.80000000002956,-43795.85622617258,6990.461222453258,-36805.39500371932,313.3069625710107,27.0,0.9916318011950421
31000,62.00000000002981,-43694.00923081888,6815.021824653408,-36878.98740616548,305.4439070313551,27.0,0.9916318011950421
31100,62.20000000003005,-43594.35079309,6657.049054321505,-36937.301738768496,298.363691968772,27.0,0.9916318011950421
31200,62.400000000030296,-43793.821337905065,6592.836265263641,-37200.98507264142,295.4857253714733,27.0,0.9916318011950421
31300,62.60000000003054,-43714.175717558996,6531.585114623409,-37182.59060293558,292.74049707388525,27.0,0.9916318011950421
31400,62.800000000030785,-44013.82712289347,6907.592209384634,-37106.23491350884,309.59283871715195,27.0,0.9916318011950421
31500,63.00000000003103,-43811.34507771982,6792.98019333068,-37018.36488438914,304.45601848722686,27.0,0.9916318011950421
31600,63.200000000031274,-43923.41749116434,6782.102618337942,-37141.3148728264,303.9684941490378,27.0,0.9916318011950421
31700,63.40000000003152,-43636.47486230387,6587.926691578601,-37048.54817072527,295.26568214831116,27.0,0.9916318011950421
31800,63.60000000003176,-43935.82259675516,6812.381824108958,-37123.4407726462,305.3255842876267,27.0,0.9916318011950421
31900,63.80000000003201,-43926.71279641642,6770.342732129766,-37156.37006428665,303.44142531755216,27.0,0.9916318011950421
32000,64.00000000003224,-43947.3905574943,6777.805631126647,-37169.58492636765,303.7759065688288,27.0,0.9916318011950421
32100,64.20000000003178,-43861.60487863077,6726.528195650893,-37135.07668297988,301.47769232428976,27.0,0.9916318011950421
32200,64.40000000003131,-43889.45836564554,6697.730124274742,-37191.7282413708,300.1869854619465,27.0,0.9916318011950421
32300,64.60000000003085,-44054.568213668004,6686.544796003345,-37368.02341766466,299.68566786435866,27.0,0.9916318011950421
32400,64.80000000003038,-43851.51053830637,6407.552717221271,-37443.9578210851,287.1814627764564,27.0,0.9916318011950421
32500,65.00000000002991,-43794.662628379,6366.9103825365855,-37427.75224584242,285.35990536748983,27.0,0.9916318011950421
32600,65.20000000002945,-43913.553174224035,6576.7858815069185,-37336.767292717115,294.7663598213483,27.0,0.9916318011950421
32700,65.40000000002898,-43971.30351850046,6732.867606758911,-37238.43591174155,301.7618197338465,27.0,0.9916318011950421
32800,65.60000000002852,-43869.14873239054,6539.571551079776,-37329.577181310764,293.09844286147853,27.0,0.9916318011950421
32900,65.80000000002805,-43874.72284719004,6699.043752505749,-37175.67909468429,300.2458612439453,27.0,0.9916318011950421
33000,66.00000000002758,-43805.699446883336,6583.524037944345,-37222.175408938994,295.06835868230434,27.0,0.9916318011950421
33100,66.20000000002712,-43935.57630750193,6831.706911846401,-37103.86939565553,306.1917194892625,27.0,0.9916318011950421
33200,66.40000000002665,-43932.2889539863,6623.441095453316,-37308.84785853299,296.8574097398709,27.0,0.9916318011950421
33300,66.60000000002618,-44012.792118277684,6790.539868561468,-37222.25224971621,304.3466450543735,27.0,0.9916318011950421
33400,66.80000000002572,-44015.962535109655,6729.97364206238,-37285.98889304727,301.6321145169796,27.0,0.9916318011950421
33500,67.00000000002525,-44012.77116700663,6783.481467811562,-37229.28969919507,304.0302930957274,27.0,0.9916318011950421
33600,67.20000000002479,-44186.77070733561,6885.703765846237,-37301.06694148937,308.61181592878495,27.0,0.9916318011950421
33700,67.40000000002432,-44028.528521742955,6702.47288567379,-37326.05563606916,300.3995522899209,27.0,0.9916318011950421
33800,67.60000000002385,-43960.58079549326,6619.127494160862,-37341.453301332396,296.6640775296384,27.0,0.9916318011950421
33900,67.80000000002339,-43850.65294667734,6570.869486229294,-37279.783460448045,294.5011916479167,27.0,0.9916318011950421
34000,68.00000000002292,-43928.244664397374,6557.087275614031,-37371.157388783344,293.88348383036777,27.0,0.9916318011950421
34100,68.20000000002246,-44152.370948043004,6714.906905744633,-37437.46404229837,300.95683526982356,27.0,0.9916318011950421
34200,68.40000000002199,-43942.0041467811,6530.859701696793,-37411.14444508431,292.7079846382369,27.0,0.9916318011950421
34300,68.60000000002152,-43943.44598695292,6460.749615672624,-37482.69637128029,289.5657058387679,27.0,0.9916318011950421
34400,68.80000000002106,-44179.128411498205,6691.292662038553,-37487.83574945965,299.8984634781026,27.0,0.9916318011950421
34500,69.00000000002059,-44020.069104399816,6667.727816560867,-37352.34128783895,298.84230567604584,27.0,0.9916318011950421
34600,69.20000000002013,-44039.16094800486,6745.064103845491,-37294.096844159365,302.3084571207944,27.0,0.9916318011950421
34700,69.40000000001966,-44115.139425482885,6671.836599131297,-37443.30282635159,299.02645807258176,27.0,0.9916318011950421
34800,69.6000000000192,-44270.19069215311,6735.542895668777,-37534.647796484336,301.88172407430085,27.0,0.9916318011950421
34900,69.80000000001873,-44219.50538751139,6770.401524874931,-37449.10386263646,303.44406036205385,27.0,0.9916318011950421
35000,70.00000000001826,-43918.02771111979,6531.116281245701,-37386.91142987408,292.7194843313999,27.0,0.9916318011950421
35100,70.2000000000178,-43966.215577330724,6625.664987649826,-37340.5505896809,296.9570828353937,27.0,0.9916318011950421
35200,70.40000000001733,-44154.3131305839,6767.935802427413,-37386.377328156486,303.3335486252755,27.0,0.9916318011950421
35300,70.60000000001686,-44043.96418687357,6633.187502598476,-37410.77668427509,297.29423602664326,27.0,0.9916318011950421
35400,70.8000000000164,-44258.87513848795,6828.313427772454,-37430.5617107155,306.03962620758796,27.0,0.9916318011950421
35500,71.00000000001593,-43929.11759301676,6515.8563022658755,-37413.26129075088,292.03554410043057,27.0,0.9916318011950421
35600,71.20000000001546,-44093.32469769968,6714.596717305959,-37378.72798039372,300.94293286847216,27.0,0.9916318011950421
35700,71.400000000015,-43988.76668187632,6579.086547519952,-37409.680134356364,294.86947385881956,27.0,0.9916318011950421
35800,71.60000000001453,-44090.00404855265,6818.229890386367,-37271.774158166285,305.587690009121,27.0,0.9916318011950421
35900,71.80000000001407,-44060.53370305552,6728.936095902219,-37331.5976071533,301.5856125158064,27.0,0.9916318011950421
36000,72.0000000000136,-43966.52344724192,6715.419864735017,-37251.1035825069,300.9798256874922,27.0,0.9916318011950421
36100,72.20000000001313,-44245.99312802805,6981.303723282448,-37264.6894047456,312.89653067551035,27.0,0.9916318011950421
36200,72.40000000001267,-44192.30166455759,6749.692581320906,-37442.60908323668,302.51590183338254,27.0,0.9916318011950421
36300,72.6000000000122,-44125.42377492441,6666.151972821169,-37459.27180210324,298.7716776016084,27.0,0.9916318011950421
36400,72.80000000001174,-44006.55221673502,6574.542517838122,-37432.0096988969,294.66581402978375,27.0,0.9916318011950421
36500,73.00000000001127,-44167.255691733495,6675.753996820805,-37491.50169491269,299.2020327495917,27.0,0.9916318011950421
36600,73.2000000000108,-44101.37097283854,6568.72688056601,-37532.64409227253,294.40516175074845,27.0,0.9916318011950421
36700,73.40000000001034,-44005.588118758336,6508.603637550175,-37496.98448120816,291.7104853839437,27.0,0.9916318011950421
36800,73.60000000000987,-44114.43290730967,6617.100597888271,-37497.3323094214,296.57323363616655,27.0,0.9916318011950421
36900,73.8000000000094,-43819.315332617894,6439.384625054966,-37379.930707562926,288.6081437977575,27.0,0.9916318011950421
37000,74.00000000000894,-44013.397724356786,6669.595663949081,-37343.8020604077,298.92602112387186,27.0,0.9916318011950421
37100,74.20000000000847,-44385.20288964762,6930.933425618575,-37454.26946402904,310.6389736327538,27.0,0.9916318011950421
37200,74.400000000008,-44075.093597617284,6567.787735288011,-37507.305862329275,294.3630699995608,27.0,0.9916318011950421
37300,74.60000000000754,-44119.127030577794,6643.912792841295,-37475.2142377365,297.7749350823618,27.0,0.9916318011950421
37400,74.80000000000707,-44152.66512915148,6599.302781363348,-37553.362347788134,295.77554952658176,27.0,0.9916318011950421
37500,75.00000000000661,-44252.605856623784,6710.096562599771,-37542.509294024014,300.74123948126527,27.0,0.9916318011950421
37600,75.20000000000614,-43986.7102758552,6523.383617848145,-37463.326658007056,292.37291245229545,27.0,0.9916318011950421
37700,75.40000000000568,-44294.722996916906,6777.829778130982,-37516.893218785925,303.776988818532,27.0,0.9916318011950421
37800,75.60000000000521,-44307.72567578806,6862.297611135198,-37445.428064652864,307.5627705218198,27.0,0.9916318011950421
37900,75.80000000000474,-44083.45380898966,6611.496016659225,-37471.95779233043,296.3220407226411,27.0,0.9916318011950421
38000,76.00000000000428,-44328.71020242228,6955.452125792985,-37373.258076629296,311.73788245055243,27.0,0.9916318011950421
38100,76.20000000000381,-44140.389856543676,6739.214138295859,-37401.17571824782,302.0462662754159,27.0,0.9916318011950421
38200,76.40000000000335,-44149.20567819132,6716.55390676671,-37432.65177142461,301.0306525575757,27.0,0.9916318011950421
38300,76.60000000000288,-44018.52904340281,6673.889325388947,-37344.63971801386,299.11845964562656,27.0,0.9916318011950421
38400,76.80000000000241,-44282.66910573496,6697.293839602743,-37585.375266132214,300.1674315267983,27.0,0.9916318011950421
38500,77.00000000000195,-44250.02187272562,6714.272760636447,-37535.74911208917,300.9284133858659,27.0,0.9916318011950421
38600,77.20000000000148,-44199.37578603281,6691.965023911204,-37507.41076212161,299.92859820732366,27.0,0.9916318011950421
38700,77.40000000000101,-43861.0939609672,6571.946685894795,-37289.147275072406,294.549470887947,27.0,0.9916318011950421
38800,77.60000000000055,-43887.76124688639,6616.697667532525,-37271.06357935386,296.5551746151851,27.0,0.9916318011950421
38900,77.80000000000008,-44018.34183999552,6669.697257582859,-37348.64458241266,298.93057447046834,27.0,0.9916318011950421
39000,77.99999999999962,-44055.196616377965,6867.465246264337,-37187.73137011363,307.7943798555194,27.0,0.9916318011950421
39100,78.19999999999915,-43789.362583365575,6654.512397652873,-37134.850185712705,298.25000101610897,27.0,0.9916318011950421
39200,78.39999999999868,-44018.4651252891,6876.9802777582645,-37141.48484753083,308.2208360679586,27.0,0.9916318011950421
39300,78.59999999999822,-43798.598626341955,6656.353169295596,-37142.24545704636,298.33250295036135,27.0,0.9916318011950421
39400,78.79999999999775,-43731.422434058324,6681.018635203162,-37050.403798855164,299.43798969264907,27.0,0.9916318011950421
39500,78.99999999999729,-43796.70604440226,6706.620358292013,-37090.085686110244,300.58543874390597,27.0,0.9916318011950421
39600,79.19999999999682,-43797.22750779642,6583.12306030969,-37214.10444748673,295.05038718074314,27.0,0.9916318011950421
39700,79.39999999999635,-43911.38494798197,6569.757591749525,-37341.62735623244,294.4513574136552,27.0,0.9916318011950421
39800,79.59999999999589,-44025.31475087656,6618.653650744332,-37406.66110013223,296.6428402411616,27.0,0.9916318011950421
39900,79.79999999999542,-43910.339263167516,6421.310843708101,-37489.02841945941,287.79809116235043,27.0,0.9916318011950421
40000,79.99999999999496,-44236.487227645055,6757.0485055885365,-37479.43872205652,302.8455885616046,27.0,0.9916318011950421
40100,80.19999999999449,-44267.57794019236,6745.8398748724985,-37521.738065319856,302.34322656681337,27.0,0.9916318011950421
40200,80.39999999999402,-44156.21861859812,6807.221210899626,-37348.997407698494,305.09428967083863,27.0,0.9916318011950421
40300,80.59999999999356,-44054.08537694468,6619.222546438227,-37434.86283050645,296.66833769779606,27.0,0.9916318011950421
40400,80.79999999999309,-44075.578370299474,6720.013496457691,-37355.56487384178,301.18570864090566,27.0,0.9916318011950421
40500,80.99999999999262,-44101.009151663915,6680.24828299219,-37420.76086867173,299.403463113694,27.0,0.9916318011950421
40600,81.19999999999216,-44045.14403268351,6749.37595517971,-37295.768077503795,302.50171089927795,27.0,0.9916318011950421
40700,81.39999999999169,-44067.861571517125,6747.936188017131,-37319.9253835,302.4371816697804,27.0,0.9916318011950421
40800,81.59999999999123,-43997.26747056498,6836.327265951906,-37160.94020461307,306.3988001188136,27.0,0.9916318011950421
40900,81.79999999999076,-44113.15988656534,6860.5736383875965,-37252.586248177744,307.4855034219936,27.0,0.9916318011950421
41000,81.9999999999903,-44114.03503438486,6797.798592511303,-37316.23644187356,304.67197534095874,27.0,0.9916318011950421
41100,82.19999999998983,-44242.44243451609,6910.798650748458,-37331.64378376763,309.7365488919734,27.0,0.9916318011950421
41200,82.39999999998936,-44234.86370870127,6941.1419992954925,-37293.72170940578,311.0965138592304,27.0,0.9916318011950421
41300,82.5999999999889,-43959.21203061594,6696.141034353398,-37263.07099626254,300.1157637040875,27.0,0.9916318011950421
41400,82.79999999998843,-43851.460372176305,6804.635764268646,-37046.824607907656,304.9784119905162,27.0,0.9916318011950421
41500,82.99999999998796,-44116.95112058176,7008.727981422009,-37108.22313915975,314.12566431133837,27.0,0.9916318011950421
41600,83.1999999999875,-43907.0985614921,6856.76043991462,-37050.33812157748,307.3145988717457,27.0,0.9916318011950421
41700,83.39999999998703,-43818.28709908976,6855.0999557365,-36963.18714335326,307.2401772795662,27.0,0.9916318011950421
41800,83.59999999998657,-43973.74310990824,6625.254230158773,-37348.488879749464,296.93867300837655,27.0,0.9916318011950421
41900,83.7999999999861,-44084.07792779459,6594.072389936253,-37490.005537858335,295.54112750506806,27.0,0.9916318011950421
42000,83.99999999998563,-43930.32560369028,6616.656318727844,-37313.66928496244,296.5533213943477,27.0,0.9916318011950421
42100,84.19999999998517,-43974.9062864448,6728.332916153968,-37246.57337029083,301.55857847487624,27.0,0.9916318011950421
42200,84.3999999999847,-43931.84271356119,6563.826537770049,-37368.01617579114,294.1855322487597,27.0,0.9916318011950421
42300,84.59999999998423,-44137.64744874491,6751.398158558974,-37386.24929018594,302.59234446096957,27.0,0.9916318011950421
42400,84.79999999998377,-44042.6719114448,6763.350030317942,-37279.32188112686,303.1280179335314,27.0,0.9916318011950421
42500,84.9999999999833,-43912.63703652872,6632.391513950108,-37280.24552257861,297.25856044276907,27.0,0.9916318011950421
42600,85.19999999998284,-43994.58026238932,6743.777252045502,-37250.803010343814,302.2507814373304,27.0,0.9916318011950421
42700,85.39999999998237,-43897.535834517614,6671.885703664655,-37225.650130852955,299.02865889906593,27.0,0.9916318011950421
42800,85.5999999999819,-43979.00082990183,6680.76995984049,-37298.23087006134,299.42684425888353,27.0,0.9916318011950421
42900,85.79999999998144,-43932.494138922826,6624.3722522855505,-37308.12188663727,296.8991434552154,27.0,0.9916318011950421
43000,85.99999999998097,-44038.286133017675,6630.031274132945,-37408.25485888473,297.15277635434876,27.0,0.9916318011950421
43100,86.1999999999805,-43932.71832772745,6628.278398410515,-37304.43992931694,297.07421384597023,27.0,0.9916318011950421
43200,86.39999999998004,-44143.063463416234,6812.055288606296,-37331.00817480994,305.31094922375115,27.0,0.9916318011950421
43300,86.59999999997957,-44038.36876031412,6755.613235534853,-37282.75552477927,302.7812608889834,27.0,0.9916318011950421
43400,86.79999999997911,-43851.38620015635,6552.615913680491,-37298.770286475854,293.68308091253834,27.0,0.9916318011950421
43500,86.99999999997864,-43980.14263268961,6718.901636360461,-37261.24099632915,301.13587594764243,27.0,0.9916318011950421
43600,87.19999999997817,-44151.90747639193,6716.8243978716755,-37435.08307852025,301.04277575571706,27.0,0.9916318011950421
43700,87.39999999997771,-44174.34961911692,6512.271152530556,-37662.07846658636,291.87486051487156,27.0,0.9916318011950421
43800,87.59999999997724,-44376.38353463663,6775.877797602842,-37600.50573703379,303.6895025896828,27.0,0.9916318011950421
43900,87.79999999997678,-44196.29770776285,6613.285660758322,-37583.01204700453,296.4022511606834,27.0,0.9916318011950421
44000,87.99999999997631,-44269.45484467997,6448.791608608899,-37820.663236071065,289.0297573866823,27.0,0.9916318011950421
44100,88.19999999997584,-44187.51212808146,6495.865930297214,-37691.64619778424,291.13959138388464,27.0,0.9916318011950421
44200,88.39999999997538,-44368.023528304235,6725.16341201271,-37642.86011629152,301.41652379725866,27.0,0.9916318011950421
44300,88.59999999997491,-44308.688275542394,6786.83438084704,-37521.853894695356,304.1805680154332,27.0,0.9916318011950421
44400,88.79999999997445,-44173.850705351964,6655.188693900795,-37518.66201145117,298.2803120809289,27.0,0.9916318011950421
44500,88.99999999997398,-44201.60527345194,6867.270630808689,-37334.334642643254,307.7856573441803,27.0,0.9916318011950421
44600,89.19999999997351,-43929.095634665624,6907.7586021849265,-37021.3370324807,309.60029631132124,27.0,0.9916318011950421
44700,89.39999999997305,-43824.47689553751,6733.848399067094,-37090.62849647042,301.8057780721036,27.0,0.9916318011950421
44800,89.59999999997258,-43875.28977986826,6623.107246262509,-37252.18253360575,296.8424468822568,27.0,0.9916318011950421
44900,89.79999999997212,-43978.531082358495,6754.262539762024,-37224.268542596474,302.7207237689744,27.0,0.9916318011950421
45000,89.99999999997165,-43925.09267064585,6636.276289348317,-37288.81638129753,297.43267301439363,27.0,0.9916318011950421
45100,90.19999999997118,-44057.22896310343,6826.459508728454,-37230.769454374975,305.9565350171723,27.0,0.9916318011950421
45200,90.39999999997072,-44131.181758132116,6764.977676007239,-37366.204082124874,303.20096773052296,27.0,0.9916318011950421
45300,90.59999999997025,-44108.18797227396,6675.109345610715,-37433.07862666325,299.1731399904269,27.0,0.9916318011950421
45400,90.79999999996978,-44258.95349046244,6670.053648901507,-37588.89984156093,298.9465476484861,27.0,0.9916318011950421
45500,90.99999999996932,-44272.32832929148,6704.474231777351,-37567.85409751413,300.4892510449538,27.0,0.9916318011950421
45600,91.19999999996885,-44283.996630873815,6746.685231373757,-37537.31139950006,302.38111477894574,27.0,0.9916318011950421
45700,91.39999999996839,-44126.14177819742,6519.539226320051,-37606.602551877375,292.2006098539015,27.0,0.9916318011950421
45800,91.59999999996792,-44226.802685942785,6572.026030340112,-37654.776655602676,294.553027043452,27.0,0.9916318011950421
45900,91.79999999996745,-44112.13075276865,6703.976071022013,-37408.15468174664,300.4669238725169,27.0,0.9916318011950421
46000,91.99999999996699,-44141.160092558996,6788.391319282451,-37352.76877327655,304.25034876903237,27.0,0.9916318011950421
46100,92.19999999996652,-44100.43504640116,6569.85765065364,-37530.57739574752,294.45584197487784,27.0,0.9916318011950421
46200,92.39999999996606,-44179.5671703483,6650.484746406178,-37529.08242394213,298.06948486156057,27.0,0.9916318011950421
46300,92.59999999996559,-44125.95813771738,6686.065203405746,-37439.89293431163,299.66417290211746,27.0,0.9916318011950421
46400,92.79999999996512,-44025.53771897806,6816.567230350878,-37208.97048862719,305.51317089672915,27.0,0.9916318011950421
46500,92.99999999996466,-43685.5318729545,6587.630754151331,-37097.90111880317,295.2524184660593,27.0,0.9916318011950421
46600,93.19999999996419,-43760.8513538505,6698.272777009119,-37062.57857684138,300.21130672981826,27.0,0.9916318011950421
46700,93.39999999996373,-43889.45983048929,6724.66080101726,-37164.79902947204,301.39399716856735,27.0,0.9916318011950421
46800,93.59999999996326,-43786.65328141703,6693.964964760533,-37092.688316656495,300.0182339799694,27.0,0.9916318011950421
46900,93.7999999999628,-43553.164133277074,6492.190061744222,-37060.97407153285,290.9748418524161,27.0,0.9916318011950421
47000,93.99999999996233,-43801.71725484385,6656.607732306138,-37145.10952253771,298.3439122638641,27.0,0.9916318011950421
47100,94.19999999996186,-43889.48413583292,6584.79044296196,-37304.69369287096,295.1251179570972,27.0,0.9916318011950421
47200,94.3999999999614,-44013.40204164042,6806.451252317869,-37206.950789322545,305.0597807340347,27.0,0.9916318011950421
47300,94.59999999996093,-43917.33307286753,6621.670107001948,-37295.66296586558,296.7780354332566,27.0,0.9916318011950421
47400,94.79999999996046,-43885.08682128443,6587.522419442285,-37297.564401842144,295.2475629897821,27.0,0.9916318011950421
47500,94.99999999996,-43852.28882714762,6410.269506000923,-37442.0193211467,287.3032271083671,27.0,0.9916318011950421
47600,95.19999999995953,-44055.77527257456,6872.014860835312,-37183.76041173925,307.99828999488517,27.0,0.9916318011950421
47700,95.39999999995906,-43847.937619414464,6470.813494338598,-37377.12412507587,290.0167609488931,27.0,0.9916318011950421
47800,95.5999999999586,-43988.03086205973,6584.794716532843,-37403.236145526884,295.12530949517594,27.0,0.9916318011950421
47900,95.79999999995813,-44056.464311804906,6641.7645767161075,-37414.6997350888,297.6786537287128,27.0,0.9916318011950421
48000,95.99999999995767,-43894.41320487513,6509.772156256291,-37384.64104861884,291.76285747140264,27.0,0.9916318011950421
48100,96.1999999999572,-43903.52456399454,6641.764303320656,-37261.76026067389,297.67864147534414,27.0,0.9916318011950421
48200,96.39999999995673,-43877.46481820597,6642.431810149896,-37235.033008056074,297.7085586053459,27.0,0.9916318011950421
48300,96.59999999995627,-43738.950524535314,6602.790253835994,-37136.16027069932,295.9318552942105,27.0,0.9916318011950421
48400,96.7999999999558,-44034.376993384496,6883.546993249658,-37150.83000013484,308.51515108083186,27.0,0.9916318011950421
48500,96.99999999995534,-43851.468038764135,6717.146198386056,-37134.32184037808,301.0571986011497,27.0,0.9916318011950421
48600,97.19999999995487,-43998.88991757883,6653.323044495334,-37345.566873083495,298.1966951449577,27.0,0.9916318011950421
48700,97.3999999999544,-43961.173960890905,6692.162423693794,-37269.01153719711,299.9374455100019,27.0,0.9916318011950421
48800,97.59999999995394,-44056.2927896644,6668.316875580785,-37387.97591408362,298.8687068370612,27.0,0.9916318011950421
48900,97.79999999995347,-44121.78756734385,6653.201202278555,-37468.58636506529,298.19123427282955,27.0,0.9916318011950421
49000,97.999999999953,-44221.818700041906,6757.560231933843,-37464.25846810806,302.8685237330924,27.0,0.9916318011950421
49100,98.19999999995254,-44020.706450667516,6575.071842425722,-37445.634608241795,294.6895379406213,27.0,0.9916318011950421
49200,98.39999999995207,-44018.6151334907,6555.976589486897,-37462.6385440038,293.83370375351905,27.0,0.9916318011950421
49300,98.5999999999516,-44158.24820443644,6693.428392458642,-37464.819811977795,299.9941852322895,27.0,0.9916318011950421
49400,98.79999999995114,-44066.30090638651,6492.020925471986,-37574.27998091452,290.9672612979965,27.0,0.9916318011950421
49500,98.99999999995067,-44080.216817107335,6548.260139400818,-37531.95667770652,293.48785854225673,27.0,0.9916318011950421
49600,99.19999999995021,-44283.50405618204,6773.716453395024,-37509.78760278702,303.59263284571693,27.0,0.9916318011950421
49700,99.39999999994974,-44207.25530454172,6671.152821616374,-37536.10248292535,298.99581170327116,27.0,0.9916318011950421
49800,99.59999999994928,-44232.994271483556,6687.161144604155,-37545.8331268794,299.7132921228818,27.0,0.9916318011950421
49900,99.79999999994881,-44235.99517747416,6663.853990291723,-37572.14118718243,298.66868383575655,27.0,0.9916318011950421
50000,99.99999999994834,-44103.72720643534,6586.319625064669,-37517.40758137067,295.1936546937403,27.0,0.9916318011950421
