#"Step","Time (ps)","Potential Energy (kJ/mole)","Kinetic Energy (kJ/mole)","Total Energy (kJ/mole)","Temperature (K)","Box Volume (nm^3)","Density (g/mL)"
100,0.20000000000000015,-45071.90936299814,5193.6513535201975,-39878.25800947795,232.77536037216913,27.0,0.9916318011950421
200,0.4000000000000003,-45081.30025598063,5710.645960056494,-39370.654295924134,255.94665117615943,27.0,0.9916318011950421
300,0.6000000000000004,-44785.26403352274,5786.406802274464,-38998.85723124828,259.3421924146821,27.0,0.9916318011950421
400,0.8000000000000006,-44725.11009427561,6018.717169710713,-38706.3929245649,269.75415999150295,27.0,0.9916318011950421
500,1.0000000000000007,-44703.81488820566,6127.810963874342,-38576.00392433132,274.6436578654012,27.0,0.9916318011950421
600,1.2000000000000008,-44704.81178971781,6265.674148889158,-38439.13764082865,280.82257716311796,27.0,0.9916318011950421
700,1.400000000000001,-44602.32600900187,6185.5041373722925,-38416.821871629574,277.22942043163454,27.0,0.9916318011950421
800,1.6000000000000012,-44478.91061517252,6184.413962187031,-38294.49665298549,277.1805596390351,27.0,0.9916318011950421
900,1.8000000000000014,-44461.08679124369,6241.931431820414,-38219.155359423276,279.7584472965367,27.0,0.9916318011950421
1000,2.0000000000000013,-44381.21837398066,6246.792362974932,-38134.42601100572,279.97631039981763,27.0,0.9916318011950421
1100,2.1999999999999793,-44557.099764075414,6445.419685185182,-38111.68007889023,288.87863043635843,27.0,0.9916318011950421
1200,2.3999999999999573,-44678.87238809122,6484.718938671756,-38194.153449419464,290.63999200455345,27.0,0.9916318011950421
1300,2.5999999999999353,-44537.59154435648,6614.278053057101,-37923.31349129938,296.44672940137673,27.0,0.9916318011950421
1400,2.7999999999999132,-44298.15925237192,6463.602864117037,-37834.55638825489,289.6935861853047,27.0,0.9916318011950421
1500,2.999999999999891,-44373.01368066324,6684.316461382484,-37688.69721928076,299.5857956628777,27.0,0.9916318011950421
1600,3.199999999999869,-44226.83837815775,6770.868664651798,-37455.969713505954,303.4649971986844,27.0,0.9916318011950421
1700,3.399999999999847,-44139.59696313395,6515.381253864437,-37624.21570926951,292.0142528054799,27.0,0.9916318011950421
1800,3.599999999999825,-44297.730158534185,6622.668857493571,-37675.061301040616,296.82279864314205,27.0,0.9916318011950421
1900,3.799999999999803,-43940.79917165293,6382.852595961476,-37557.94657569145,286.0744228085949,27.0,0.9916318011950421
2000,3.999999999999781,-44058.27401086344,6627.854468245378,-37430.41954261806,297.05521363008245,27.0,0.9916318011950421
2100,4.1999999999997595,-44390.60657998575,6832.369545710306,-37558.237034275444,306.2214182167985,27.0,0.9916318011950421
2200,4.3999999999997375,-44310.181355681554,6637.991367482446,-37672.18998819911,297.5095414646541,27.0,0.9916318011950421
2300,4.599999999999715,-44138.4902374412,6504.312394121085,-37634.17784332011,291.5181552355262,27.0,0.9916318011950421
2400,4.799999999999693,-44398.10370942606,6620.263590181888,-37777.840119244174,296.71499645790504,27.0,0.9916318011950421
2500,4.999999999999671,-44428.90762206568,6609.201442203251,-37819.70617986243,296.2191997039562,27.0,0.9916318011950421
2600,5.199999999999649,-44336.930536475316,6558.10528816556,-37778.82524830976,293.92911035059717,27.0,0.9916318011950421
2700,5.399999999999627,-44231.7563321258,6538.326846106541,-37693.42948601926,293.0426561655722,27.0,0.9916318011950421
2800,5.599999999999605,-44165.2315151359,6626.81768933092,-37538.41382580498,297.0087460162571,27.0,0.9916318011950421
2900,5.799999999999583,-44264.55090257181,6785.981153318108,-37478.56974925371,304.142327030044,27.0,0.9916318011950421
3000,5.999999999999561,-43938.732088294164,6527.264622093313,-37411.46746620085,292.54685600381293,27.0,0.9916318011950421
3100,6.199999999999539,-43992.285664763585,6588.263355865864,-37404.02230889772,295.2807711763298,27.0,0.9916318011950421
3200,6.399999999999517,-44104.53361245646,6758.672846594945,-37345.86076586151,302.9183902453136,27.0,0.9916318011950421
3300,6.599999999999495,-43931.45965787424,6696.072748812044,-37235.386909062196,300.1127031999421,27.0,0.9916318011950421
3400,6.799999999999473,-43994.82607575907,6709.891911545155,-37284.93416421391,300.73206718228977,27.0,0.9916318011950421
3500,6.999999999999451,-43995.34114476694,6563.357900697038,-37431.9832440699,294.16452830449606,27.0,0.9916318011950421
3600,7.199999999999429,-43987.32740327372,6590.196502610174,-37397.13090066354,295.36741328983135,27.0,0.9916318011950421
3700,7.399999999999407,-43985.55829736246,6576.999465957608,-37408.55883140485,294.775932508095,27.0,0.9916318011950421
3800,7.599999999999385,-44037.93769189371,6820.796729744905,-37217.140962148806,305.70273372615765,27.0,0.9916318011950421
3900,7.799999999999363,-43732.28519460215,6751.54257180248,-36980.74262279967,302.59881694872655,27.0,0.9916318011950421
4000,7.999999999999341,-43672.62387963785,6693.038203157479,-36979.585676480376,299.9766972553328,27.0,0.9916318011950421
4100,8.199999999999408,-43820.867251601354,6686.677527429378,-37134.18972417198,299.69161678226334,27.0,0.9916318011950421
4200,8.399999999999475,-43797.15700265421,6644.4754549008485,-37152.68154775336,297.8001531524179,27.0,0.9916318011950421
4300,8.599999999999541,-43873.159361090795,6732.609785692748,-37140.54957539805,301.75026439685854,27.0,0.9916318011950421
4400,8.799999999999608,-43848.85708924784,6608.296468185502,-37240.56062106234,296.17863948172135,27.0,0.9916318011950421
4500,8.999999999999675,-43853.434270110265,6634.5884513534775,-37218.84581875679,297.3570254457072,27.0,0.9916318011950421
4600,9.199999999999742,-43774.64475175394,6629.440210456938,-37145.204541297004,297.1262853462274,27.0,0.9916318011950421
4700,9.399999999999809,-43876.233120169774,6677.964738441594,-37198.26838172818,299.30111644667505,27.0,0.9916318011950421
4800,9.599999999999875,-44006.220751967565,6817.7858981934405,-37188.434853774124,305.56779062895936,27.0,0.9916318011950421
4900,9.799999999999942,-43988.376379218236,6663.743045863951,-37324.633333354286,298.66371139394295,27.0,0.9916318011950421
5000,10.000000000000009,-44234.86513253702,6705.033753635712,-37529.83137890131,300.5143283736674,27.0,0.9916318011950421
5100,10.200000000000076,-44105.206160750524,6562.386143028184,-37542.82001772234,294.1209748916532,27.0,0.9916318011950421
5200,10.400000000000142,-44043.011203971044,6673.175159331975,-37369.83604463907,299.0864512858115,27.0,0.9916318011950421
5300,10.60000000000021,-43961.8537933494,6897.09184356176,-37064.761949787644,309.12222059666476,27.0,0.9916318011950421
5400,10.800000000000276,-43858.069382872716,6677.283285802864,-37180.78609706985,299.2705742764831,27.0,0.9916318011950421
5500,11.000000000000343,-44012.07982560648,6856.65417806844,-37155.42564753804,307.3098362995485,27.0,0.9916318011950421
5600,11.20000000000041,-44088.11949082865,6812.150303481973,-37275.96918734667,305.3152077155945,27.0,0.9916318011950421
5700,11.400000000000476,-44229.79301377787,6844.807863365716,-37384.985150412154,306.7788938110544,27.0,0.9916318011950421
5800,11.600000000000543,-44145.89043256296,6727.416822817548,-37418.473609745415,301.5175198935421,27.0,0.9916318011950421
5900,11.80000000000061,-44071.240044798986,6563.449959345789,-37507.7900854532,294.1686543005785,27.0,0.9916318011950421
6000,12.000000000000677,-44007.92757722391,6716.2346399919,-37291.692937232016,301.0163432723537,27.0,0.9916318011950421
6100,12.200000000000744,-43931.68838140024,6719.835561925139,-37211.852819475105,301.17773375539286,27.0,0.9916318011950421
6200,12.40000000000081,-43942.63984605326,6848.460898796265,-37094.178947256994,306.9426199799706,27.0,0.9916318011950421
6300,12.600000000000877,-43935.819278922216,6737.871963860422,-37197.94731506179,301.98611107503274,27.0,0.9916318011950421
6400,12.800000000000944,-43952.221003737584,6768.755850659941,-37183.46515307765,303.3703025407496,27.0,0.9916318011950421
6500,13.00000000000101,-43656.96656152262,6569.532098447277,-37087.43446307534,294.44125098156735,27.0,0.9916318011950421
6600,13.200000000001078,-43666.94511338724,6679.66636108574,-36987.2787523015,299.3773818324793,27.0,0.9916318011950421
6700,13.400000000001144,-43671.04995652689,6668.4594425727,-37002.590513954194,298.875096577277,27.0,0.9916318011950421
6800,13.600000000001211,-43627.73442694201,6719.824990100206,-36907.9094368418,301.17725993453143,27.0,0.9916318011950421
6900,13.800000000001278,-43690.680801596776,6745.525256226946,-36945.15554536983,302.3291256070814,27.0,0.9916318011950421
7000,14.000000000001345,-43736.726470198766,6638.63297409418,-37098.093496104586,297.53829776732016,27.0,0.9916318011950421
7100,14.200000000001411,-44003.52037164225,6822.570384133132,-37180.94998750911,305.78222751796085,27.0,0.9916318011950421
7200,14.400000000001478,-43959.46422692789,6752.759495856411,-37206.704731071484,302.6533585257246,27.0,0.9916318011950421
7300,14.600000000001545,-43874.755236830846,6662.617186599238,-37212.13805023161,298.6132512690263,27.0,0.9916318011950421
7400,14.800000000001612,-43671.35600778116,6593.250253522686,-37078.105754258475,295.50427999896556,27.0,0.9916318011950421
7500,15.000000000001679,-43807.06857797159,6766.534329017995,-37040.5342489536,303.2707356916141,27.0,0.9916318011950421
7600,15.200000000001745,-43760.489209380285,6700.902263244885,-37059.5869461354,300.3291582305181,27.0,0.9916318011950421
7700,15.400000000001812,-43746.84447785868,6498.671776427607,-37248.172701431075,291.26534719606644,27.0,0.9916318011950421
7800,15.600000000001879,-43853.32928010477,6616.40420402517,-37236.9250760796,296.5420218120739,27.0,0.9916318011950421
7900,15.800000000001946,-44117.42850038065,6699.611418184104,-37417.81708219655,300.27130357225263,27.0,0.9916318011950421
8000,16.00000000000201,-44069.190518584386,6544.75232068884,-37524.43819789555,293.3306408722167,27.0,0.9916318011950421
8100,16.2000000000019,-43992.24047013773,6609.660576739631,-37382.5798933981,296.2397777520173,27.0,0.9916318011950421
8200,16.40000000000179,-43934.203973975316,6517.514862973352,-37416.689111001964,292.10987948417176,27.0,0.9916318011950421
8300,16.60000000000168,-44133.40501615061,6748.704631733878,-37384.700384416734,302.4716227115285,27.0,0.9916318011950421
8400,16.800000000001567,-44159.85025998606,6856.689987402612,-37303.160272583445,307.31144124568357,27.0,0.9916318011950421
8500,17.000000000001457,-44090.01002618326,6756.33283186803,-37333.677194315234,302.8135126294982,27.0,0.9916318011950421
8600,17.200000000001346,-44006.43096562876,6571.867009198448,-37434.56395643031,294.54589984121253,27.0,0.9916318011950421
8700,17.400000000001235,-43974.898863997594,6714.580522283551,-37260.318341714046,300.9422070203317,27.0,0.9916318011950421
8800,17.600000000001124,-44087.03451653971,6830.617705885238,-37256.41681065447,306.1429021365233,27.0,0.9916318011950421
8900,17.800000000001013,-44002.92852612986,6758.366417430155,-37244.562108699705,302.90465633165496,27.0,0.9916318011950421
9000,18.000000000000902,-43880.29311868204,6702.654049566187,-37177.63906911586,300.40767191279673,27.0,0.9916318011950421
9100,18.20000000000079,-43901.5822384025,6743.726658495955,-37157.85557990654,302.2485138743142,27.0,0.9916318011950421
9200,18.40000000000068,-43796.382399764196,6703.773813779679,-37092.60858598452,300.4578588623213,27.0,0.9916318011950421
9300,18.60000000000057,-43971.748376097814,7006.9408937199205,-36964.807482377895,314.04556844899514,27.0,0.9916318011950421
9400,18.80000000000046,-43893.758948531286,6779.016225979632,-37114.74272255165,303.83016447602876,27.0,0.9916318011950421
9500,19.000000000000348,-43855.60543748392,6567.93264754392,-37287.67278994,294.36956485266035,27.0,0.9916318011950421
9600,19.200000000000237,-43990.788970198766,6804.478535915098,-37186.31043428367,304.97136513962715,27.0,0.9916318011950421
9700,19.400000000000126,-43861.26392575754,6616.141540498695,-37245.122385258845,296.5302494398314,27.0,0.9916318011950421
9800,19.600000000000016,-43888.90981217875,6637.099709852775,-37251.81010232597,297.46957807243786,27.0,0.9916318011950421
9900,19.799999999999905,-44012.70862313761,6824.033082991091,-37188.67554014652,305.847784527972,27.0,0.9916318011950421
10000,19.999999999999794,-44052.21061250223,6736.040154122258,-37316.17045837997,301.9040108062796,27.0,0.9916318011950421
10100,20.199999999999683,-44047.41433831705,6734.415145458329,-37312.999192858726,301.8311791986867,27.0,0.9916318011950421
10200,20.399999999999572,-44089.85966798319,6802.64928341574,-37287.21038456745,304.8893794843018,27.0,0.9916318011950421
10300,20.59999999999946,-44003.74199744715,6617.542071956218,-37386.19992549093,296.5930201559513,27.0,0.9916318011950421
10400,20.79999999999935,-44106.84946939005,6689.256668159313,-37417.592801230734,299.8072118370709,27.0,0.9916318011950421
10500,20.99999999999924,-44159.373570647374,6719.882429394929,-37439.491141252445,301.179834318451,27.0,0.9916318011950421
10600,21.19999999999913,-44007.42172214045,6720.598225668107,-37286.82349647234,301.2119157432716,27.0,0.9916318011950421
10700,21.399999999999018,-43911.86228009714,6680.77673327372,-37231.08554682342,299.4271478388226,27.0,0.9916318011950421
10800,21.599999999998907,-43838.474168028966,6633.4975431898,-37204.97662483917,297.30813180159294,27.0,0.9916318011950421
10900,21.799999999998796,-43939.868394103185,6711.289032576821,-37228.57936152636,300.79468504581064,27.0,0.9916318011950421
11000,21.999999999998685,-43986.58179685129,6602.058373299489,-37384.5234235518,295.89905298538423,27.0,0.9916318011950421
11100,22.199999999998575,-43972.71898385538,6757.723562543191,-37214.99542131219,302.87584408227696,27.0,0.9916318011950421
11200,22.399999999998464,-43972.27180978312,6834.474643555421,-37137.7971662277,306.31576704311766,27.0,0.9916318011950421
11300,22.599999999998353,-44101.846226897374,6803.247577536892,-37298.59864936048,304.916194555276,27.0,0.9916318011950421
11400,22.799999999998242,-43928.07000466837,6725.2927592734195,-37202.77724539495,301.4223210395407,27.0,0.9916318011950421
11500,22.99999999999813,-44083.303450789586,6805.965277656225,-37277.338173133365,305.0379997327129,27.0,0.9916318011950421
11600,23.19999999999802,-43824.123031821386,6678.096289551876,-37146.02674226951,299.30701246375804,27.0,0.9916318011950421
11700,23.39999999999791,-43803.86900540842,6528.531515855805,-37275.337489552614,292.6036371837659,27.0,0.9916318011950421
11800,23.5999999999978,-43990.96774884714,6748.212547633866,-37242.75520121328,302.4495678899941,27.0,0.9916318011950421
11900,23.799999999997688,-43904.71115037455,6710.487934318978,-37194.22321605557,300.75878045326675,27.0,0.9916318011950421
12000,23.999999999997577,-44119.68134995951,6830.323271877604,-37289.3580780819,306.12970583635456,27.0,0.9916318011950421
12100,24.199999999997466,-43960.68005105509,6584.909063263292,-37375.770987791795,295.1304344255142,27.0,0.9916318011950421
12200,24.399999999997355,-43828.830407347814,6582.097827681557,-37246.732579666255,295.0044370623708,27.0,0.9916318011950421
12300,24.599999999997245,-43908.88405534281,6611.924420295323,-37296.95963504749,296.3412414359716,27.0,0.9916318011950421
12400,24.799999999997134,-43968.28869744791,6791.237609091514,-37177.0510883564,304.37791723501715,27.0,0.9916318011950421
12500,24.999999999997023,-43722.907973494664,6579.474604816846,-37143.43336867782,294.8868662810253,27.0,0.9916318011950421
12600,25.199999999996912,-43908.30136796488,6891.808027076689,-37016.49334088819,308.88540410615866,27.0,0.9916318011950421
12700,25.3999999999968,-43947.958153929845,6861.495396720127,-37086.462757209716,307.5268159039887,27.0,0.9916318011950421
12800,25.59999999999669,-43708.11577340616,6696.22346970638,-37011.89230369979,300.119458391638,27.0,0.9916318011950421
12900,25.79999999999658,-43804.73728677286,6749.791555217632,-37054.94573155523,302.52033776542913,27.0,0.9916318011950421
13000,25.99999999999647,-43616.98730203165,6564.77218545807,-37052.215116573585,294.22791543283984,27.0,0.9916318011950421
13100,26.199999999996358,-43806.186223235265,6810.275994783492,-36995.91022845177,305.23120267693474,27.0,0.9916318011950421
13200,26.399999999996247,-43742.93804856791,6763.018567853379,-36979.919480714525,303.11316204710647,27.0,0.9916318011950421
13300,26.599999999996136,-44099.96063634409,7028.661235657338,-37071.29940068675,315.0190570560927,27.0,0.9916318011950421
13400,26.799999999996025,-43713.339452948705,6736.9120485637895,-36976.427404384915,301.9430884279795,27.0,0.9916318011950421
13500,26.999999999995914,-44046.40261289133,6823.517641949954,-37222.88497094138,305.8246828667448,27.0,0.9916318011950421
13600,27.199999999995804,-43671.063980307714,6562.778400832276,-37108.285579475436,294.1385555772809,27.0,0.9916318011950421
13700,27.399999999995693,-43852.16348287119,6800.445395361348,-37051.71808750984,304.79060295866276,27.0,0.9916318011950421
13800,27.599999999995582,-43878.27893182291,6711.469878777309,-37166.8090530456,300.80279042998546,27.0,0.9916318011950421
13900,27.79999999999547,-43983.060092177526,6812.428159902438,-37170.631932275086,305.3276610213717,27.0,0.9916318011950421
14000,27.99999999999536,-43834.31115075602,6843.925667460277,-36990.385483295744,306.7393544858611,27.0,0.9916318011950421
14100,28.19999999999525,-43736.62430306925,6684.680113899964,-37051.944189169284,299.6020942821043,27.0,0.9916318011950421
14200,28.39999999999514,-43997.265987601415,6840.5205659268395,-37156.745421674575,306.58674051880837,27.0,0.9916318011950421
14300,28.599999999995028,-44073.43733808054,6767.437731171903,-37305.99960690864,303.31122546415037,27.0,0.9916318011950421
14400,28.799999999994917,-44083.02819940104,6858.952737836646,-37224.07546156439,307.4128559367866,27.0,0.9916318011950421
14500,28.999999999994806,-44093.9170992042,6792.600918300922,-37301.316180903275,304.43901967931265,27.0,0.9916318011950421
14600,29.199999999994695,-44175.48907968058,6818.254151040641,-37357.23492863994,305.5887773525249,27.0,0.9916318011950421
14700,29.399999999994584,-43975.025181021825,6595.668116167454,-37379.35706485437,295.6126466971046,27.0,0.9916318011950421
14800,29.599999999994473,-43911.38298436655,6553.939625288027,-37357.44335907853,293.74240862352616,27.0,0.9916318011950421
14900,29.799999999994363,-44181.99777814402,6753.351921962221,-37428.6458561818,302.6799105968759,27.0,0.9916318011950421
15000,29.99999999999425,-44045.15949126734,6618.189869603527,-37426.96962166381,296.62205393595235,27.0,0.9916318011950421
15100,30.19999999999414,-43881.31294557108,6513.568500531243,-37367.74444503984,291.93300662977845,27.0,0.9916318011950421
15200,30.39999999999403,-44154.31534692301,6846.672568503791,-37307.64277841922,306.86246842570563,27.0,0.9916318011950421
15300,30.59999999999392,-44163.60744306101,6695.882908953126,-37467.72453410788,300.1041947270847,27.0,0.9916318011950421
15400,30.79999999999381,-44274.70955869211,6713.112275749573,-37561.59728294254,300.87640136785365,27.0,0.9916318011950421
15500,30.999999999993697,-44167.70969029917,6556.627139341441,-37611.082550957726,293.8628608852793,27.0,0.9916318011950421
15600,31.199999999993587,-43831.63062592997,6361.884223159488,-37469.74640277048,285.1346368654948,27.0,0.9916318011950421
15700,31.399999999993476,-44034.372313704625,6568.724334362358,-37465.64797934227,294.4050476319075,27.0,0.9916318011950421
15800,31.599999999993365,-44036.79864236368,6583.423170013519,-37453.37547235016,295.06383786114213,27.0,0.9916318011950421
15900,31.799999999993254,-43943.422286238805,6544.985761282144,-37398.43652495666,293.34110349562616,27.0,0.9916318011950421
16000,31.999999999993143,-44081.18392583384,6651.444399146135,-37429.7395266877,298.1124957410306,27.0,0.9916318011950421
16100,32.19999999999339,-44150.47416039957,6677.0138144283355,-37473.46034597124,299.2584967818563,27.0,0.9916318011950421
16200,32.39999999999363,-44118.80488606943,6641.080398853396,-37477.72448721604,297.6479894161298,27.0,0.9916318011950421
16300,32.59999999999388,-43888.98084374918,6632.404885108516,-37256.575958640664,297.25915972755064,27.0,0.9916318011950421
16400,32.79999999999412,-43878.949673857824,6612.921378803625,-37266.0282950542,296.38592433057687,27.0,0.9916318011950421
16500,32.999999999994365,-44075.38041230692,6741.396875387,-37333.98353691992,302.1440948315518,27.0,0.9916318011950421
16600,33.19999999999461,-43777.1775257255,6462.894926466759,-37314.28259925874,289.66185697776893,27.0,0.9916318011950421
16700,33.399999999994854,-43917.94996663584,6647.524637206069,-37270.42532942977,297.93681510017404,27.0,0.9916318011950421
16800,33.5999999999951,-43917.902218070165,6606.907595438786,-37310.99462263138,296.11639129983126,27.0,0.9916318011950421
16900,33.79999999999534,-43841.525660720006,6529.35190268699,-37312.173758033015,292.64040627496496,27.0,0.9916318011950421
17000,33.99999999999559,-44036.99015542521,6673.625595589467,-37363.36455983574,299.1066394838682,27.0,0.9916318011950421
17100,34.19999999999583,-43931.90853616251,6716.178986552739,-37215.72954960977,301.0138489290728,27.0,0.9916318011950421
17200,34.399999999996076,-43932.173808303014,6833.247956910753,-37098.92585139226,306.2607879144969,27.0,0.9916318011950421
17300,34.59999999999632,-43706.02662202372,6582.693452432086,-37123.33316959163,295.0311324942575,27.0,0.9916318011950421
17400,34.799999999996565,-43981.36907502665,6815.651332200584,-37165.71774282606,305.4721210634833,27.0,0.9916318011950421
17500,34.99999999999681,-43675.98510095133,6569.845570891687,-37106.13953005964,294.45530056946757,27.0,0.9916318011950421
17600,35.199999999997054,-43912.14526769175,6661.986268455508,-37250.15899923624,298.58497401507236,27.0,0.9916318011950421
17700,35.3999999999973,-43843.89614602579,6582.319679878224,-37261.57646614757,295.0143803029762,27.0,0.9916318011950421
17800,35.59999999999754,-43985.699119773046,6644.890142079945,-37340.8089776931,297.81873910495597,27.0,0.9916318011950421
17900,35.79999999999779,-44024.2899715568,6678.865044882843,-37345.42492667396,299.34146747180984,27.0,0.9916318011950421
18000,35.99999999999803,-44142.751723494664,6773.749905370719,-37369.00181812394,303.59413213690294,27.0,0.9916318011950421
18100,36.199999999998276,-44141.74800416483,6887.685461135055,-37254.06254302977,308.7006339497886,27.0,0.9916318011950421
18200,36.39999999999852,-43883.60821458353,6588.738348815601,-37294.869865767934,295.302059985979,27.0,0.9916318011950421
18300,36.599999999998765,-43919.07882424845,6684.064391037771,-37235.01443321068,299.57449806869283,27.0,0.9916318011950421
18400,36.79999999999901,-44092.84654256357,6893.393000060779,-37199.45354250279,308.9564413461347,27.0,0.9916318011950421
18500,36.999999999999254,-44097.75602170481,6776.0026525209805,-37321.753369183825,303.6950984887113,27.0,0.9916318011950421
18600,37.1999999999995,-43911.82075330271,6594.079982739404,-37317.74077056331,295.54146780852113,27.0,0.9916318011950421
18700,37.39999999999974,-44001.81282350077,6676.7669056359055,-37325.04591786486,299.24743052437674,27.0,0.9916318011950421
18800,37.59999999999999,-44019.553172316686,6591.966106576406,-37427.58706574028,295.44672554491297,27.0,0.9916318011950421
18900,37.80000000000023,-44132.796435561315,6664.930378249228,-37467.86605731209,298.71692669567415,27.0,0.9916318011950421
19000,38.000000000000476,-44208.89110871805,6786.908619115597,-37421.98248960246,304.18389531612024,27.0,0.9916318011950421
19100,38.20000000000072,-44348.371073928014,6727.363523388404,-37621.00755053961,301.51513105513493,27.0,0.9916318011950421
19200,38.400000000000965,-44201.61574384226,6484.595136892895,-37717.020606949365,290.63444330639726,27.0,0.9916318011950421
19300,38.60000000000121,-44240.26658746256,6543.449789569906,-37696.81679789265,293.27226245403494,27.0,0.9916318011950421
19400,38.800000000001454,-44439.1378690864,6767.264709684082,-37671.87315940232,303.30347077743033,27.0,0.9916318011950421
19500,39.0000000000017,-44197.8261005546,6564.434978694267,-37633.39112186033,294.2128020914502,27.0,0.9916318011950421
19600,39.20000000000194,-44043.279966559545,6479.898932677242,-37563.3810338823,290.4239631346893,27.0,0.9916318011950421
19700,39.40000000000219,-44102.645793166295,6543.254543019422,-37559.39125014687,293.26351165752266,27.0,0.9916318011950421
19800,39.60000000000243,-44142.08035394205,6716.085039237145,-37425.99531470491,301.009638284431,27.0,0.9916318011950421
19900,39.800000000002676,-44096.412017073766,6624.352272435903,-37472.05974463787,296.89824797410097,27.0,0.9916318011950421
20000,40.00000000000292,-44152.83586522593,6553.408527087703,-37599.42733813822,293.7186052207642,27.0,0.9916318011950421
20100,40.200000000003165,-43858.03184815897,6523.476566819454,-37334.55528133952,292.3770783519333,27.0,0.9916318011950421
20200,40.40000000000341,-44048.183755126134,6749.141071805883,-37299.04268332025,302.4911836115826,27.0,0.9916318011950421
20300,40.600000000003654,-44003.56417581095,6737.165360206216,-37266.398815604734,301.9544416561495,27.0,0.9916318011950421
20400,40.8000000000039,-43905.52597543253,6601.681620077045,-37303.84435535548,295.8821672028863,27.0,0.9916318011950421
20500,41.00000000000414,-43952.382344451085,6591.733849071168,-37360.648495379915,295.4363159465782,27.0,0.9916318011950421
20600,41.20000000000439,-43893.789703574315,6541.125604053164,-37352.66409952115,293.16809429094394,27.0,0.9916318011950421
20700,41.40000000000463,-43990.81951924814,6567.00808371257,-37423.81143553557,294.3281266304193,27.0,0.9916318011950421
20800,41.600000000004876,-44229.35568067087,6851.554042198005,-37377.80163847287,307.08125222942544,27.0,0.9916318011950421
20900,41.80000000000512,-43932.02730676188,6570.797111638037,-37361.23019512384,294.4979478757774,27.0,0.9916318011950421
21000,42.000000000005365,-44021.94436570658,6782.657832267059,-37239.28653343952,303.99337839975794,27.0,0.9916318011950421
21100,42.20000000000561,-44047.19519158854,6783.420642907433,-37263.7745486811,304.02756697146253,27.0,0.9916318011950421
21200,42.40000000000585,-43834.9619838859,6732.4506944597815,-37102.51128942612,301.7431340531822,27.0,0.9916318011950421
21300,42.6000000000061,-43970.47528382792,6722.890342589117,-37247.5849412388,301.3146466171762,27.0,0.9916318011950421
21400,42.80000000000634,-44061.54660531534,6957.082004121314,-37104.46460119403,311.81093231266584,27.0,0.9916318011950421
21500,43.00000000000659,-43928.40585443033,6829.416832877194,-37098.98902155314,306.0890799547514,27.0,0.9916318011950421
21600,43.20000000000683,-43838.09500905527,6653.85588035451,-37184.23912870076,298.22057642821994,27.0,0.9916318011950421
21700,43.400000000007076,-43788.06266232981,6587.1153167996545,-37200.947345530156,295.2293169701908,27.0,0.9916318011950421
21800,43.60000000000732,-43922.42280265345,6714.975519322106,-37207.44728333134,300.9599104762892,27.0,0.9916318011950421
21900,43.800000000007564,-43781.01854249491,6782.34791182987,-36998.67063066504,303.9794880100219,27.0,0.9916318011950421
22000,44.00000000000781,-43811.76487943186,6817.201503975922,-36994.56337545594,305.54159854071105,27.0,0.9916318011950421
22100,44.20000000000805,-43871.00002786173,6743.60519515158,-37127.39483271015,302.24306998294867,27.0,0.9916318011950421
22200,44.4000000000083,-43715.027405944005,6629.4159774050195,-37085.611428538985,297.1251992399394,27.0,0.9916318011950421
22300,44.60000000000854,-43773.67988130106,6683.448878242915,-37090.23100305814,299.5469112703339,27.0,0.9916318011950421
22400,44.80000000000879,-43683.60965463175,6719.494097686615,-36964.11555694514,301.1624295973417,27.0,0.9916318011950421
22500,45.00000000000903,-43696.07900544657,6596.963402326448,-37099.115603120124,295.67070040189174,27.0,0.9916318011950421
22600,45.200000000009275,-43646.549136843816,6636.204125339605,-37010.345011504214,297.42943868039805,27.0,0.9916318011950421
22700,45.40000000000952,-43991.95163461222,6861.850671659066,-37130.100962953155,307.54273904674767,27.0,0.9916318011950421
22800,45.600000000009764,-43763.50926705851,6766.896840930634,-36996.612426127875,303.28698318983066,27.0,0.9916318011950421
22900,45.80000000001001,-43709.981995787755,6774.845007333321,-36935.13698845443,303.64321374377977,27.0,0.9916318011950421
23000,46.00000000001025,-43891.81428834452,6888.141449854966,-37003.672838489554,308.7210710048348,27.0,0.9916318011950421
23100,46.2000000000105,-43732.439236846105,6683.755048573255,-37048.68418827285,299.56063358323655,27.0,0.9916318011950421
23200,46.40000000001074,-43968.30449410929,6653.677708186654,-37314.626785922635,298.21259089208013,27.0,0.9916318011950421
23300,46.600000000010986,-43829.65947553171,6547.889940001929,-37281.769535529784,293.4712664969652,27.0,0.9916318011950421
23400,46.80000000001123,-43873.039334502355,6704.642640231582,-37168.39669427077,300.496798979144,27.0,0.9916318011950421
23500,47.000000000011475,-43794.106918540136,6646.027853606836,-37148.0790649333,297.86973043892226,27.0,0.9916318011950421
23600,47.20000000001172,-43881.34189340128,6423.321243997835,-37458.02064940344,287.88819571887177,27.0,0.9916318011950421
23700,47.400000000011964,-44028.864472594396,6624.553554247594,-37404.310918346804,296.907269266264,27.0,0.9916318011950421
23800,47.60000000001221,-43911.74554940714,6571.7813278442945,-37339.96422156285,294.54205967044777,27.0,0.9916318011950421
23900,47.80000000001245,-44085.83703729166,6761.621132558786,-37324.215904732875,303.0505300985689,27.0,0.9916318011950421
24000,48.0000000000127,-43995.930072035924,6855.6851055885,-37140.244966447426,307.26640323475647,27.0,0.9916318011950421
24100,48.20000000001294,-43966.621597495214,6923.347544900849,-37043.27405259437,310.2989804376749,27.0,0.9916318011950421
24200,48.400000000013186,-43926.11309930338,6911.390149290918,-37014.72295001246,309.7630593904664,27.0,0.9916318011950421
24300,48.60000000001343,-43788.96253129496,6772.674056211721,-37016.28847508324,303.54591342550987,27.0,0.9916318011950421
24400,48.800000000013675,-43944.78837415232,6889.988651742546,-37054.79972240977,308.80386113759374,27.0,0.9916318011950421
24500,49.00000000001392,-43908.729890074865,6644.967375464513,-37263.76251461035,297.82220064438206,27.0,0.9916318011950421
24600,49.200000000014164,-43732.91347619547,6444.852248034422,-37288.06122816105,288.8531983504778,27.0,0.9916318011950421
24700,49.40000000001441,-44210.202756133214,6829.09448888382,-37381.108267249394,306.07463275101867,27.0,0.9916318011950421
24800,49.60000000001465,-43930.40753957285,6520.193389528437,-37410.21415004441,292.22992893333316,27.0,0.9916318011950421
24900,49.8000000000149,-44050.39352342142,6859.286849870299,-37191.10667355113,307.42783057481,27.0,0.9916318011950421
25000,50.00000000001514,-43828.55904504313,6649.641912965316,-37178.91713207781,298.03170973100674,27.0,0.9916318011950421
25100,50.200000000015386,-44139.14179059519,6879.608826490998,-37259.53296410419,308.33864555051133,27.0,0.9916318011950421
25200,50.40000000001563,-44186.49241467966,6890.4451402780005,-37296.04727440166,308.82432059397877,27.0,0.9916318011950421
25300,50.600000000015875,-43976.81964227213,6939.0944576985385,-37037.72518457359,311.00474465859185,27.0,0.9916318011950421
25400,50.80000000001612,-43902.47855969919,6829.700214690295,-37072.7783450089,306.10178090427183,27.0,0.9916318011950421
25500,51.000000000016364,-43820.91934415354,6719.580107269855,-37101.33923688369,301.1662844790755,27.0,0.9916318011950421
25600,51.20000000001661,-43667.48031064524,6588.322885618133,-37079.15742502711,295.2834392529091,27.0,0.9916318011950421
25700,51.40000000001685,-43759.44955560221,6611.447448942091,-37148.00210666012,296.319863955837,27.0,0.9916318011950421
25800,51.6000000000171,-43978.13866254343,6571.74285056804,-37406.395811975395,294.54033514925135,27.0,0.9916318011950421
25900,51.80000000001734,-44135.95098325266,6853.011779515958,-37282.9392037367,307.1465868671239,27.0,0.9916318011950421
26000,52.000000000017586,-44167.686161246434,6626.560695193713,-37541.12546605272,296.9972277415733,27.0,0.9916318011950421
26100,52.20000000001783,-44175.612254347936,6708.496824071514,-37467.11543027642,300.6695404612369,27.0,0.9916318011950421
26200,52.400000000018075,-44081.82080956949,6677.584440927276,-37404.23636864222,299.2840718118087,27.0,0.9916318011950421
26300,52.60000000001832,-44142.02702638163,6820.016759901002,-37322.010266480625,305.6677760924745,27.0,0.9916318011950421
26400,52.800000000018564,-44125.19359132303,6704.3465664825735,-37420.84702484046,300.4835291870592,27.0,0.9916318011950421
26500,53.00000000001881,-44118.919537749425,6529.1787391038815,-37589.740798645544,292.6326452196462,27.0,0.9916318011950421
26600,53.20000000001905,-44156.75364705576,6609.313747532919,-37547.43989952284,296.2242331403203,27.0,0.9916318011950421
26700,53.4000000000193,-44199.366233077184,6694.640897089695,-37504.72533598749,300.04852873423727,27.0,0.9916318011950421
26800,53.60000000001954,-44102.6128608848,6646.622601087781,-37455.99025979702,297.8963865522776,27.0,0.9916318011950421
26900,53.800000000019786,-44054.79797288431,6751.117143528737,-37303.68082935557,302.5797495887918,27.0,0.9916318011950421
27000,54.00000000002003,-43995.70841428293,6663.768332888767,-37331.94008139417,298.6648447384656,27.0,0.9916318011950421
27100,54.200000000020275,-44037.82191297068,6667.678198216063,-37370.14371475462,298.8400818209377,27.0,0.9916318011950421
27200,54.40000000002052,-44009.98197099222,6607.258556706763,-37402.72341428546,296.13212110725743,27.0,0.9916318011950421
27300,54.60000000002076,-44099.68155213846,6675.826836059843,-37423.85471607862,299.20529734687835,27.0,0.9916318011950421
27400,54.80000000002101,-43790.10486527933,6485.88617046839,-37304.218694810945,290.69230641374367,27.0,0.9916318011950421
27500,55.00000000002125,-43725.928306784765,6764.425047145597,-36961.50325963917,303.17619934048975,27.0,0.9916318011950421
27600,55.2000000000215,-43772.83553430094,6528.25174141629,-37244.583792884645,292.5910979138866,27.0,0.9916318011950421
27700,55.40000000002174,-43913.79491158976,6629.830307020091,-37283.964604569665,297.1437691667396,27.0,0.9916318011950421
27800,55.600000000021986,-43966.8002903129,6625.766395682962,-37341.03389462994,296.9616278635158,27.0,0.9916318011950421
27900,55.80000000002223,-43987.474448409215,6598.277432548687,-37389.197015860525,295.72959420082077,27.0,0.9916318011950421
28000,56.000000000022474,-44050.6808006431,6548.462048806341,-37502.21875183676,293.4969079626806,27.0,0.9916318011950421
28100,56.20000000002272,-44013.414712157384,6533.704490321403,-37479.71022183598,292.83548582231754,27.0,0.9916318011950421
28200,56.40000000002296,-44060.07333489908,6643.4418439228075,-37416.63149097627,297.75382752300595,27.0,0.9916318011950421
28300,56.60000000002321,-44016.89890500559,6645.5396321720245,-37371.359272833564,297.84784873899787,27.0,0.9916318011950421
28400,56.80000000002345,-44124.28856965555,6797.317845771364,-37326.97072388419,304.65042865096746,27.0,0.9916318011950421
28500,57.0000000000237,-43745.536725249425,6470.450642652531,-37275.08608259689,290.0004982222993,27.0,0.9916318011950421
28600,57.20000000002394,-43914.4378149177,6655.467612410299,-37258.9702025074,298.2928129886997,27.0,0.9916318011950421
28700,57.400000000024185,-43720.38703843607,6609.680307785586,-37110.70673065048,296.24066208194625,27.0,0.9916318011950421
28800,57.60000000002443,-43681.78556462778,6520.133688302805,-37161.65187632498,292.2272531714529,27.0,0.9916318011950421
28900,57.800000000024674,-43734.85378381266,6614.080118786705,-37120.773665025954,296.4378581433763,27.0,0.9916318011950421
29000,58.00000000002492,-43687.74169465555,6488.455909257592,-37199.28578539796,290.8074800809774,27.0,0.9916318011950421
29100,58.20000000002516,-43844.23232385172,6699.11930672655,-37145.11301712517,300.24924752457474,27.0,0.9916318011950421
29200,58.40000000002541,-43754.621447768346,6699.512160148971,-37055.10928761937,300.2668549053466,27.0,0.9916318011950421
29300,58.60000000002565,-43887.3826334144,6842.194152556738,-37045.188480857665,306.6617493525501,27.0,0.9916318011950421
29400,58.800000000025896,-43931.4743301536,6880.824483836707,-37050.64984631689,308.3931303546453,27.0,0.9916318011950421
29500,59.00000000002614,-43628.75842782511,6617.86003341407,-37010.89839441104,296.60727093789603,27.0,0.9916318011950421
29600,59.200000000026385,-43906.4167091514,6816.863704000618,-37089.55300515078,305.5264586120495,27.0,0.9916318011950421
29700,59.40000000002663,-43844.4826957847,6802.674787184188,-37041.80790860052,304.8905225431032,27.0,0.9916318011950421
29800,59.600000000026874,-43837.88933774485,6744.990468698569,-37092.89886904628,302.3051568515437,27.0,0.9916318011950421
29900,59.80000000002712,-43890.316892829076,6741.004278096747,-37149.31261473233,302.12649893042186,27.0,0.9916318011950421
30000,60.00000000002736,-43881.23673364176,6828.316125328323,-37052.920608313434,306.039747109916,27.0,0.9916318011950421
30100,60.20000000002761,-43832.40996572031,6772.4604044116195,-37059.94956130869,303.53633772021556,27.0,0.9916318011950421
30200,60.40000000002785,-43738.397326674596,6705.362483438063,-37033.034843236535,300.5290617843256,27.0,0.9916318011950421
30300,60.600000000028096,-43837.75210877909,6715.339622830976,-37122.41248594811,300.9762293085944,27.0,0.9916318011950421
30400,60.80000000002834,-43950.36074658884,6921.709681770543,-37028.651064818296,310.22557270303,27.0,0.9916318011950421
30500,61.000000000028585,-43812.07696362986,6693.850976148267,-37118.22598748159,300.013125100206,27.0,0.9916318011950421
30600,61.20000000002883,-43742.740561690465,6790.346786031987,-36952.39377565848,304.337991247577,27.0,0.9916318011950421
30700,61.400000000029074,-43596.30490037455,6545.623660498482,-37050.68123987607,293.36969363575236,27.0,0.9916318011950421
30800,61.60000000002932,-43513.12839528574,6459.892406840285,-37053.235988445456,289.52728641449784,27.0,0.9916318011950421
30900,61.80000000002956,-43701.45148965372,6750.1028540448215,-36951.3486356089,302.5342899335186,27.0,0.9916318011950421
31000,62.00000000002981,-43720.90796205057,6716.205407738289,-37004.70255431229,301.0150331057858,27.0,0.9916318011950421
31100,62.20000000003005,-43855.77530118479,6777.9931600642885,-37077.7821411205,303.7843114680159,27.0,0.9916318011950421
31200,62.400000000030296,-43749.721129622594,6681.645396414139,-37068.075733208454,299.4660806361533,27.0,0.9916318011950421
31300,62.60000000003054,-43804.905312266485,6838.818671824383,-36966.0866404421,306.51046296645666,27.0,0.9916318011950421
31400,62.800000000030785,-43999.71346208109,6884.500564496996,-37115.2128975841,308.5578893925957,27.0,0.9916318011950421
31500,63.00000000003103,-43854.86556455149,6765.782850601419,-37089.08271395007,303.23705502124875,27.0,0.9916318011950421
31600,63.200000000031274,-43895.260161605016,6649.5811642804865,-37245.67899732453,298.02898702283073,27.0,0.9916318011950421
31700,63.40000000003152,-43894.89955255045,6810.640900370906,-37084.258652179546,305.2475574577682,27.0,0.9916318011950421
31800,63.60000000003176,-43751.747580733434,6612.672693582699,-37139.07488715074,296.3747784549722,27.0,0.9916318011950421
31900,63.80000000003201,-43758.117808547155,6638.532380051011,-37119.585428496146,297.5337892215869,27.0,0.9916318011950421
32000,64.00000000003224,-43555.62126943125,6462.625354556264,-37092.995914874984,289.6497749771993,27.0,0.9916318011950421
32100,64.20000000003178,-43836.01477738871,6900.73095579068,-36935.28382159803,309.2853227386573,27.0,0.9916318011950421
32200,64.40000000003131,-43511.44797917856,6604.851309387874,-36906.59666979069,296.02423017965805,27.0,0.9916318011950421
32300,64.60000000003085,-43677.4774305488,6930.712030800263,-36746.76539974854,310.6290508914858,27.0,0.9916318011950421
32400,64.80000000003038,-43508.901366439,6648.262898141264,-36860.63846829774,297.96990337344096,27.0,0.9916318011950421
32500,65.00000000002991,-43741.589313712255,6759.814835289376,-36981.77447842288,302.9695732785581,27.0,0.9916318011950421
32600,65.20000000002945,-44068.98387547983,7043.905438801322,-37025.07843667851,315.70229022653314,27.0,0.9916318011950421
32700,65.40000000002898,-43942.19997331156,6986.503294124598,-36955.69667918696,313.12957134269755,27.0,0.9916318011950421
32800,65.60000000002852,-43785.57703849329,6851.72358924869,-36933.853449244605,307.0888511946114,27.0,0.9916318011950421
32900,65.80000000002805,-43532.46214601053,6690.411695576719,-36842.05045043382,299.8589792556027,27.0,0.9916318011950421
33000,66.00000000002758,-43676.2353469993,6761.260525539753,-36914.97482145955,303.0343679761825,27.0,0.9916318011950421
33100,66.20000000002712,-43689.300049986974,6691.9057153052945,-36997.39433468168,299.9259400423499,27.0,0.9916318011950421
33200,66.40000000002665,-43635.830076422826,6793.422445181202,-36842.40763124162,304.4758398666136,27.0,0.9916318011950421
33300,66.60000000002618,-43639.59165212168,6791.500010987446,-36848.09164113423,304.38967788118504,27.0,0.9916318011950421
33400,66.80000000002572,-43658.31631204142,6755.547108383308,-36902.76920365811,302.7782971221682,27.0,0.9916318011950421
33500,67.00000000002525,-43604.73267098917,6717.048763769528,-36887.683907219645,301.05283165842843,27.0,0.9916318011950421
33600,67.20000000002479,-43535.41905328287,6417.600309168988,-37117.81874411389,287.6317879287054,27.0,0.9916318011950421
33700,67.40000000002432,-43815.36767121805,6741.826566026518,-37073.541105191536,302.16335322736126,27.0,0.9916318011950421
33800,67.60000000002385,-43983.0216953422,6759.224516345545,-37223.797178996654,302.94311564874596,27.0,0.9916318011950421
33900,67.80000000002339,-43997.722581114904,6704.168295870712,-37293.554285244194,300.4755392387367,27.0,0.9916318011950421
34000,68.00000000002292,-43741.19220468058,6543.998755973879,-37197.1934487067,293.29686669560203,27.0,0.9916318011950421
34100,68.20000000002246,-43959.67240830912,6735.9992709080225,-37223.67313740109,301.902178452839,27.0,0.9916318011950421
34200,68.40000000002199,-43791.195067610875,6812.770623342005,-36978.42444426887,305.34300996282605,27.0,0.9916318011950421
34300,68.60000000002152,-43706.32489224924,6657.06197909452,-37049.26291315472,298.3642712469121,27.0,0.9916318011950421
34400,68.80000000002106,-43935.23843690409,6841.017141899898,-37094.22129500419,306.6089966625525,27.0,0.9916318011950421
34500,69.00000000002059,-43916.36782762064,6756.030191514738,-37160.337636105905,302.7999485273848,27.0,0.9916318011950421
34600,69.20000000002013,-44003.616937842504,6831.993520133058,-37171.623417709445,306.2045650467848,27.0,0.9916318011950421
34700,69.40000000001966,-43852.60921880259,6758.256579524027,-37094.35263927856,302.89973348326924,27.0,0.9916318011950421
34800,69.6000000000192,-43964.96965238108,6862.52748851475,-37102.442163866326,307.5730734447971,27.0,0.9916318011950421
34900,69.80000000001873,-43929.10779878153,6624.605678106785,-37304.50212067475,296.9096054165523,27.0,0.9916318011950421
35000,70.00000000001826,-43848.704804625646,6747.941715844827,-37100.76308878082,302.4374294226611,27.0,0.9916318011950421
35100,70.2000000000178,-43780.86009189142,6608.589505316086,-37172.27058657534,296.19177317496167,27.0,0.9916318011950421
35200,70.40000000001733,-43799.54657384409,6639.303514403654,-37160.243059440436,297.5683508555152,27.0,0.9916318011950421
35300,70.60000000001686,-43966.901540007726,6820.210805073791,-37146.69073493394,305.6764730441854,27.0,0.9916318011950421
35400,70.8000000000164,-43812.71923276438,6839.539937638496,-36973.17929512588,306.54278953179113,27.0,0.9916318011950421
35500,71.00000000001593,-43811.56362554087,6657.903080722025,-37153.66054481884,298.4019687589562,27.0,0.9916318011950421
35600,71.20000000001546,-43704.43108102335,6725.917829731844,-36978.51325129151,301.45033620484804,27.0,0.9916318011950421
35700,71.400000000015,-43846.51447793497,6710.764667239656,-37135.74981069531,300.771183404669,27.0,0.9916318011950421
35800,71.60000000001453,-43877.07545491709,6789.758936467057,-37087.31651845003,304.311644293381,27.0,0.9916318011950421
35900,71.80000000001407,-43915.23112031473,6914.060995149693,-37001.17012516504,309.88276459687256,27.0,0.9916318011950421
36000,72.0000000000136,-43858.2074501182,6912.584320583159,-36945.623129535044,309.8165812066178,27.0,0.9916318011950421
36100,72.20000000001313,-43857.257371153966,6741.381521992798,-37115.875849161166,302.14340670452424,27.0,0.9916318011950421
36200,72.40000000001267,-43897.40044900431,6848.419412155743,-37048.98103684856,306.9407605814394,27.0,0.9916318011950421
36300,72.6000000000122,-43739.91265031351,6527.280427003228,-37212.632223310284,292.54756436741894,27.0,0.9916318011950421
36400,72.80000000001174,-43955.620179381505,6636.720776694204,-37318.899402687304,297.4525945869207,27.0,0.9916318011950421
36500,73.00000000001127,-43898.54480859293,6576.033060947968,-37322.51174764497,294.7326189972195,27.0,0.9916318011950421
36600,73.2000000000108,-43750.24185678019,6446.383209160893,-37303.858647619294,288.9218148215639,27.0,0.9916318011950421
36700,73.40000000001034,-43848.98656388773,6470.89066867813,-37378.0958952096,290.0202198419672,27.0,0.9916318011950421
36800,73.60000000000987,-43820.42447206034,6431.838026583395,-37388.58644547695,288.26991120199165,27.0,0.9916318011950421
36900,73.8000000000094,-43930.41211053385,6555.109211153388,-37375.30289938046,293.79482854022143,27.0,0.9916318011950421
37000,74.00000000000894,-44214.031089034215,6811.694456434206,-37402.33663260001,305.2947770101821,27.0,0.9916318011950421
37100,74.20000000000847,-43940.49285336985,6655.5672957303295,-37284.925557639515,298.2972807165397,27.0,0.9916318011950421
37200,74.400000000008,-44016.39681741251,6627.252799478111,-37389.1440179344,297.02824731012913,27.0,0.9916318011950421
37300,74.60000000000754,-43976.57615586771,6522.065710193697,-37454.510445674016,292.3138448699107,27.0,0.9916318011950421
37400,74.80000000000707,-44289.51579591288,6678.815591388338,-37610.70020452454,299.3392510051621,27.0,0.9916318011950421
37500,75.00000000000661,-44321.68867894663,6579.84058052863,-37741.848098418,294.9032690239896,27.0,0.9916318011950421
37600,75.20000000000614,-44463.93115540995,6663.525701406577,-37800.40545400337,298.65397018665993,27.0,0.9916318011950421
37700,75.40000000000568,-44258.793715682164,6388.516482330982,-37870.27723335118,286.32827373177537,27.0,0.9916318011950421
37800,75.60000000000521,-44310.18000909342,6428.705271035971,-37881.47473805745,288.12950356738685,27.0,0.9916318011950421
37900,75.80000000000474,-44244.1232874061,6485.650019117166,-37758.47326828894,290.6817222963006,27.0,0.9916318011950421
38000,76.00000000000428,-44463.4037429954,6763.101082373297,-37700.3026606221,303.11686028285675,27.0,0.9916318011950421
38100,76.20000000000381,-44283.06960507883,6404.5890738379085,-37878.48053124092,287.04863461576184,27.0,0.9916318011950421
38200,76.40000000000335,-44281.79325315012,6528.505245427977,-37753.28800772214,292.60245976389524,27.0,0.9916318011950421
38300,76.60000000000288,-44283.209634032384,6616.1304547368245,-37667.07917929556,296.5297525847214,27.0,0.9916318011950421
38400,76.80000000000241,-43886.155350890294,6341.8736525132335,-37544.28169837706,284.2377788601384,27.0,0.9916318011950421
38500,77.00000000000195,-43963.479888167516,6476.591523089352,-37486.888365078164,290.2757276436417,27.0,0.9916318011950421
38600,77.20000000000148,-44096.041720595495,6565.74816420769,-37530.293556387805,294.2716580311959,27.0,0.9916318011950421
38700,77.40000000000101,-43794.72883030428,6519.003395173825,-37275.72543513046,292.1765943242343,27.0,0.9916318011950421
38800,77.60000000000055,-43946.52429124369,6771.695947999636,-37174.82834324405,303.5020753863244,27.0,0.9916318011950421
38900,77.80000000000008,-43928.58279725565,6710.230414704977,-37218.35238255067,300.7472386271272,27.0,0.9916318011950421
39000,77.99999999999962,-43721.53992387308,6638.144150244126,-37083.39577362896,297.51638906761934,27.0,0.9916318011950421
39100,78.19999999999915,-43758.116098609105,6579.801304403104,-37178.314794206,294.9015086989983,27.0,0.9916318011950421
39200,78.39999999999868,-43791.71073171152,6718.244249015921,-37073.4664826956,301.1064123649694,27.0,0.9916318011950421
39300,78.59999999999822,-43899.29157897486,6951.12005574989,-36948.17152322497,311.54372248547213,27.0,0.9916318011950421
39400,78.79999999999775,-43414.28424664988,6524.511066960897,-36889.77317968898,292.4234438329481,27.0,0.9916318011950421
39500,78.99999999999729,-43568.49562856211,6816.002004075308,-36752.4936244868,305.48783790053204,27.0,0.9916318011950421
39600,79.19999999999682,-43560.76642343058,6717.770379232363,-36842.99604419821,301.0851738947431,27.0,0.9916318011950421
39700,79.39999999999635,-43558.59185954584,6822.571546494715,-36736.02031305113,305.7822796140909,27.0,0.9916318011950421
39800,79.59999999999589,-43421.698010649816,6844.671388294528,-36577.02662235529,306.7727771059244,27.0,0.9916318011950421
39900,79.79999999999542,-43533.39654275431,6903.540063183631,-36629.85647957068,309.41122471805664,27.0,0.9916318011950421
40000,79.99999999999496,-43683.12870713724,6954.421199665808,-36728.70750747144,311.6916771540402,27.0,0.9916318011950421
40100,80.19999999999449,-43399.73118134989,6763.0912359385975,-36636.63994541129,303.1164189734138,27.0,0.9916318011950421
40200,80.39999999999402,-43457.72844621195,6917.565040164125,-36540.163406047825,310.03981313276284,27.0,0.9916318011950421
40300,80.59999999999356,-43519.551654067174,6970.693920672848,-36548.857733394325,312.42100768449296,27.0,0.9916318011950421
40400,80.79999999999309,-43400.79473611368,6576.627811307005,-36824.166924806676,294.75927523956864,27.0,0.9916318011950421
40500,80.99999999999262,-43538.60431214823,6662.521013120868,-36876.08329902736,298.6089408495233,27.0,0.9916318011950421
40600,81.19999999999216,-43783.72230168833,6821.897989542034,-36961.824312146295,305.75209132232476,27.0,0.9916318011950421
40700,81.39999999999169,-43557.8332893516,6570.45612678753,-36987.377162564066,294.48266520351945,27.0,0.9916318011950421
40800,81.59999999999123,-43583.88572427286,6822.108219475931,-36761.77750479693,305.7615136622727,27.0,0.9916318011950421
40900,81.79999999999076,-43705.2135212089,6829.733377316203,-36875.480143892695,306.1032672270284,27.0,0.9916318011950421
41000,81.9999999999903,-43428.22644826426,6699.703555205512,-36728.52289305875,300.27543308093584,27.0,0.9916318011950421
41100,82.19999999998983,-43754.355579581395,6761.897231299711,-36992.45834828168,303.0629046265344,27.0,0.9916318011950421
41200,82.39999999998936,-43946.26819154276,6873.30574184732,-37072.96244969544,308.0561462644563,27.0,0.9916318011950421
41300,82.5999999999889,-43864.31925698771,6578.74116242938,-37285.578094558325,294.85399397126986,27.0,0.9916318011950421
41400,82.79999999998843,-43877.4541046287,6590.684667010505,-37286.76943761819,295.38929243351527,27.0,0.9916318011950421
41500,82.99999999998796,-43937.720228400365,6600.072993229531,-37337.647235170836,295.810069815394,27.0,0.9916318011950421
41600,83.1999999999875,-43997.912389960424,6675.094777373892,-37322.81761258653,299.1724870535342,27.0,0.9916318011950421
41700,83.39999999998703,-44120.65958043589,6836.575688670991,-37284.083891764894,306.4099342292926,27.0,0.9916318011950421
41800,83.59999999998657,-43923.28944894327,6490.404040068746,-37432.88540887453,290.89479376854547,27.0,0.9916318011950421
41900,83.7999999999861,-43946.67585774912,6592.618174901298,-37354.05768284782,295.4759507333175,27.0,0.9916318011950421
42000,83.99999999998563,-44018.17097779764,6436.97096502443,-37581.20001277321,288.49996545747615,27.0,0.9916318011950421
42100,84.19999999998517,-44044.0523845817,6663.533853094497,-37380.51853148721,298.65433553888795,27.0,0.9916318011950421
42200,84.3999999999847,-44020.50792047037,6807.840883586057,-37212.66703688432,305.1220629122594,27.0,0.9916318011950421
42300,84.59999999998423,-43827.07046815409,6432.882691554534,-37394.18777659955,288.31673226266224,27.0,0.9916318011950421
42400,84.79999999998377,-44256.94876309885,6897.651175954903,-37359.29758714395,309.14728943369664,27.0,0.9916318011950421
42500,84.9999999999833,-43913.865380492345,6595.235972291233,-37318.629408201115,295.5932783491596,27.0,0.9916318011950421
42600,85.19999999998284,-44036.775768485204,6680.529381872811,-37356.246386612394,299.41606174397987,27.0,0.9916318011950421
42700,85.39999999998237,-44210.8023845817,6904.728783892439,-37306.07360068926,309.46450224335445,27.0,0.9916318011950421
42800,85.5999999999819,-43919.83519193186,6596.619012908334,-37323.216179023526,295.6552651395969,27.0,0.9916318011950421
42900,85.79999999998144,-43950.924846854345,6648.313472084793,-37302.61137476955,297.9721700577309,27.0,0.9916318011950421
43000,85.99999999998097,-43940.39549371256,6764.813251711402,-37175.58224200116,303.1935983631719,27.0,0.9916318011950421
43100,86.1999999999805,-43714.61452504648,6596.025157173026,-37118.58936787346,295.6286489935782,27.0,0.9916318011950421
43200,86.39999999998004,-43651.32219096674,6532.267509548109,-37119.05468141863,292.77108147659175,27.0,0.9916318011950421
43300,86.59999999997957,-43941.76147481455,6638.6323508735,-37303.12912394105,297.5382698350604,27.0,0.9916318011950421
43400,86.79999999997911,-43931.692956652776,6649.530131777145,-37282.16282487563,298.0266997862514,27.0,0.9916318011950421
43500,86.99999999997864,-44071.02035733713,6610.981324207479,-37460.03903312965,296.2989726126004,27.0,0.9916318011950421
43600,87.19999999997817,-44119.967795577184,6676.7151377535965,-37443.252657823585,299.2451103286917,27.0,0.9916318011950421
43700,87.39999999997771,-43990.52631589426,6520.934856058708,-37469.59145983555,292.26316087884504,27.0,0.9916318011950421
43800,87.59999999997724,-43855.26818772806,6553.068314098332,-37302.19987362973,293.7033571427139,27.0,0.9916318011950421
43900,87.79999999997678,-43968.34312459482,6610.853553851339,-37357.489570743484,296.2932460459383,27.0,0.9916318011950421
44000,87.99999999997631,-44132.642461028234,6866.7259887714645,-37265.916472256766,307.76124691732275,27.0,0.9916318011950421
44100,88.19999999997584,-44036.46744081034,6717.587589827079,-37318.879850983256,301.0769814176608,27.0,0.9916318011950421
44200,88.39999999997538,-43955.41655465616,6581.504785806117,-37373.91176885005,294.97785739291,27.0,0.9916318011950421
44300,88.59999999997491,-43887.981732573644,6518.115174189327,-37369.86655838432,292.1367849597462,27.0,0.9916318011950421
44400,88.79999999997445,-44046.77199098124,6835.394211701152,-37211.37777928008,306.3569813626665,27.0,0.9916318011950421
44500,88.99999999997398,-43911.917641844884,6645.983537250551,-37265.93410459433,297.8677442147608,27.0,0.9916318011950421
44600,89.19999999997351,-43830.25477334513,6567.715998461383,-37262.538774883746,294.3598548115295,27.0,0.9916318011950421
44700,89.39999999997305,-43938.119330611364,6711.837681137061,-37226.2816494743,300.81927504187206,27.0,0.9916318011950421
44800,89.59999999997258,-43869.01173039927,6646.075924652441,-37222.93580574683,297.8718849452999,27.0,0.9916318011950421
44900,89.79999999997212,-43803.54420110239,6650.796396621516,-37152.747804480874,298.0834527785899,27.0,0.9916318011950421
45000,89.99999999997165,-43682.79807588114,6630.245839799846,-37052.55223608129,297.1623930184328,27.0,0.9916318011950421
45100,90.19999999997118,-43742.366546836034,6765.982924263786,-36976.38362257225,303.2460221651112,27.0,0.9916318011950421
45200,90.39999999997072,-43530.48413583292,6560.604314112238,-36969.879821720686,294.0411147239602,27.0,0.9916318011950421
45300,90.59999999997025,-43566.76373216166,6580.888894683402,-36985.87483747825,294.95025363819457,27.0,0.9916318011950421
45400,90.79999999996978,-43855.56764527811,6843.665427432832,-37011.90221784528,306.727690732935,27.0,0.9916318011950421
45500,90.99999999996932,-43841.216813769475,6653.257987730539,-37187.958826038936,298.19377935203295,27.0,0.9916318011950421
45600,91.19999999996885,-43594.269608702794,6554.425153945371,-37039.844454757425,293.76416963528675,27.0,0.9916318011950421
45700,91.39999999996839,-43536.921059813634,6554.925740897804,-36981.99531891583,293.7866055479653,27.0,0.9916318011950421
45800,91.59999999996792,-43701.369551863805,6782.219903852448,-36919.14964801136,303.97375079336126,27.0,0.9916318011950421
45900,91.79999999996745,-43510.09873410715,6632.613859310461,-36877.48487479669,297.26852578658213,27.0,0.9916318011950421
46000,91.99999999996699,-43787.287138190404,6856.469924975188,-36930.81721321522,307.30157822112506,27.0,0.9916318011950421
46100,92.19999999996652,-43687.07725736155,6722.344991269652,-36964.732266091894,301.2902044008477,27.0,0.9916318011950421
46200,92.39999999996606,-43783.29888602747,6879.222451937533,-36904.07643408994,308.3213285475399,27.0,0.9916318011950421
46300,92.59999999996559,-43565.3826076652,6772.246220412902,-36793.13638725229,303.5267381621987,27.0,0.9916318011950421
46400,92.79999999996512,-43551.16411515726,6653.630684292699,-36897.53343086456,298.21048331821413,27.0,0.9916318011950421
46500,92.99999999996466,-43705.109866824285,6865.223478102967,-36839.886388721316,307.6939055733403,27.0,0.9916318011950421
46600,93.19999999996419,-43616.96812650217,6754.32799330307,-36862.6401331991,302.7236573450979,27.0,0.9916318011950421
46700,93.39999999996373,-43545.63239785685,6738.760464184519,-36806.87193367233,302.02593295930166,27.0,0.9916318011950421
46800,93.59999999996326,-43565.09689542307,6842.081262974926,-36723.01563244814,306.65668973046536,27.0,0.9916318011950421
46900,93.7999999999628,-43569.66657754435,6891.189590053962,-36678.47698749039,308.85768624621124,27.0,0.9916318011950421
47000,93.99999999996233,-43728.35583898081,6918.537283078268,-36809.818555902544,310.0833882939172,27.0,0.9916318011950421
47100,94.19999999996186,-43698.978911605016,6770.10888839559,-36928.87002320943,303.43094462568655,27.0,0.9916318011950421
47200,94.3999999999614,-43790.86075707926,6741.782412688228,-37049.07834439103,302.16137430953785,27.0,0.9916318011950421
47300,94.59999999996093,-43760.774736609594,6778.649550411969,-36982.12518619763,303.8137303660755,27.0,0.9916318011950421
47400,94.79999999996046,-43631.7090375091,6763.484818496497,-36868.224219012605,303.1340590334631,27.0,0.9916318011950421
47500,94.99999999996,-43649.22520467295,6888.43859791727,-36760.786606755675,308.7343889467948,27.0,0.9916318011950421
47600,95.19999999995953,-43576.05303689493,6700.221577118872,-36875.83145977606,300.298650414822,27.0,0.9916318011950421
47700,95.39999999995906,-43753.23432942881,6854.441127654883,-36898.79320177392,307.21064912419286,27.0,0.9916318011950421
47800,95.5999999999586,-43536.59417220606,6906.787242580425,-36629.806929625636,309.5567607394089,27.0,0.9916318011950421
47900,95.79999999995813,-43478.18939229502,6873.704627789003,-36604.484764506014,308.074024017987,27.0,0.9916318011950421
48000,95.99999999995767,-43342.53868791117,6727.263493733165,-36615.275194178,301.5106478048239,27.0,0.9916318011950421
48100,96.1999999999572,-43537.00966760172,6681.715628835297,-36855.29403876642,299.46922839791705,27.0,0.9916318011950421
48200,96.39999999995673,-43498.704806532995,6619.129796483175,-36879.57501004982,296.66418071790997,27.0,0.9916318011950421
48300,96.59999999995627,-43696.64368173136,6736.533014235734,-36960.110667495625,301.9261004081258,27.0,0.9916318011950421
48400,96.7999999999558,-43561.6276633407,6686.774530301879,-36874.85313303882,299.6959643745576,27.0,0.9916318011950421
48500,96.99999999995534,-43880.46531411661,6928.699293512755,-36951.766020603856,310.53884159256614,27.0,0.9916318011950421
48600,97.19999999995487,-43734.859521117345,6760.04083617601,-36974.81868494133,302.97970246017803,27.0,0.9916318011950421
48700,97.3999999999544,-43623.798731055394,6759.511077819947,-36864.28765323545,302.9559591081798,27.0,0.9916318011950421
48800,97.59999999995394,-43693.06734582438,6761.492355445861,-36931.57499037852,303.04475840986123,27.0,0.9916318011950421
48900,97.79999999995347,-43617.77452870859,6644.058043101563,-36973.71648560703,297.78144508455034,27.0,0.9916318011950421
49000,97.999999999953,-43788.334779944555,6802.554909013773,-36985.77987093078,304.88514969798524,27.0,0.9916318011950421
49100,98.19999999995254,-43685.424133505956,6706.741272730477,-36978.68286077548,300.59085803374114,27.0,0.9916318011950421
49200,98.39999999995207,-43490.224963393346,6676.636448861982,-36813.588514531366,299.2415835545869,27.0,0.9916318011950421
49300,98.5999999999516,-43594.48311730875,6777.20037276077,-36817.28274454798,303.7487793658948,27.0,0.9916318011950421
49400,98.79999999995114,-43694.79430505289,6667.936546636873,-37026.85775841602,298.8516607935452,27.0,0.9916318011950421
49500,98.99999999995067,-43828.324448790685,6879.110375473734,-36949.21407331695,308.3163053687637,27.0,0.9916318011950421
49600,99.19999999995021,-43820.595236983434,6743.613604383455,-37076.98163259998,302.24344687809366,27.0,0.9916318011950421
49700,99.39999999994974,-43900.47143098368,6748.502839454121,-37151.968591529556,302.4625785405891,27.0,0.9916318011950421
49800,99.59999999994928,-44055.68706628336,6838.735645294777,-37216.95142098858,306.5067417828357,27.0,0.9916318011950421
49900,99.79999999994881,-44006.13178369059,6630.396865247257,-37375.73491844333,297.16916185995746,27.0,0.9916318011950421
50000,99.99999999994834,-44043.87857171549,6630.471760617707,-37413.40681109778,297.17251861143353,27.0,0.9916318011950421
